# chopper 1b, phase delay 0
# Run: 176478
# Columns: tof_us intensity
8.333349 30702
25.000048 18601
41.666748 18473
58.333443 18595
75.000145 18609
91.666840 18772
108.333542 18696
125.000237 18684
141.666931 18802
158.333649 18542
175.000336 18668
191.667023 18474
208.333740 18595
225.000427 18623
241.667114 18519
258.333832 18108
275.000519 18306
291.667236 18336
308.333923 18207
325.000610 18338
341.667328 18247
358.334015 18031
375.000732 17947
391.667419 18413
408.334106 17760
425.000793 17936
441.667511 17941
458.334198 17591
475.000916 18144
491.667603 17944
508.334290 17608
525.000977 17783
541.667725 17508
558.334351 17553
575.001099 17586
591.667847 17599
608.334473 17598
625.001221 17593
641.667847 17532
658.334595 17246
675.001343 17449
691.667969 17717
708.334717 17278
725.001343 17173
741.668091 17260
758.334778 17039
775.001465 17243
791.668213 17179
808.334839 17106
825.001587 17160
841.668274 17284
858.334961 17002
875.001709 17204
891.668335 17402
908.335083 17124
925.001709 17077
941.668457 17344
958.335205 16980
975.001831 17087
991.668579 17015
1008.335205 17048
1025.001953 17146
1041.668701 16906
1058.335327 17072
1075.002075 17075
1091.668701 16973
1108.335449 16856
1125.002197 16963
1141.668823 16812
1158.335571 16812
1175.002197 16875
1191.668945 16831
1208.335693 16826
1225.002319 17003
1241.669067 16827
1258.335693 16673
1275.002441 16798
1291.669189 16719
1308.335815 16724
1325.002563 16615
1341.669189 16614
1358.335938 16558
1375.002686 16375
1391.669312 16779
1408.335938 16531
1425.002686 16616
1441.669434 16592
1458.336182 16670
1475.002808 16795
1491.669434 16480
1508.336182 16379
1525.002930 16704
1541.669678 16473
1558.336304 16535
1575.002930 16599
1591.669678 16443
1608.336426 16257
1625.003174 16319
1641.669800 16656
1658.336426 16151
1675.003174 16596
1691.669922 16407
1708.336670 16167
1725.003296 16398
1741.669922 16110
1758.336670 16176
1775.003418 16274
1791.670166 16301
1808.336792 16246
1825.003418 16268
1841.670166 16176
1858.336914 16201
1875.003540 16037
1891.670288 16279
1908.336914 16050
1925.003662 16298
1941.670410 16118
1958.337036 16137
1975.003784 16114
1991.670410 16202
2008.337158 16042
2025.003906 16119
2041.670532 16149
2058.337402 16000
2075.003906 16240
2091.670654 16149
2108.337402 16080
2125.003906 16127
2141.670898 16165
2158.337402 15932
2175.004150 16077
2191.670898 16238
2208.337402 16133
2225.004395 15918
2241.670898 16006
2258.337646 15977
2275.004395 16153
2291.670898 16023
2308.337891 16157
2325.004395 16180
2341.671143 16145
2358.337891 16086
2375.004395 16156
2391.671387 16125
2408.337891 15919
2425.004639 16310
2441.671387 16203
2458.337891 15976
2475.004883 16221
2491.671387 16064
2508.338135 16232
2525.004883 16234
2541.671387 16015
2558.338379 15939
2575.004883 16345
2591.671631 16101
2608.338379 16123
2625.004883 16065
2641.671875 16195
2658.338379 16120
2675.005127 16361
2691.671875 16145
2708.338379 16054
2725.005371 16274
2741.671875 16310
2758.338379 15991
2775.005371 16190
2791.671875 16393
2808.338867 16110
2825.005371 16187
2841.671875 16216
2858.338867 16400
2875.005371 16237
2891.672363 16267
2908.338867 16220
2925.005371 16310
2941.672363 16254
2958.338867 16505
2975.005859 16776
2991.672363 16474
3008.338867 16230
3025.005859 16274
3041.672363 16517
3058.339355 16207
3075.005859 16595
3091.672363 16265
3108.339355 16422
3125.005859 16434
3141.672852 16390
3158.339355 16300
3175.005859 16549
3191.672852 16504
3208.339355 16450
3225.006348 16574
3241.672852 16700
3258.339355 16417
3275.006348 16613
3291.672852 16496
3308.339844 16505
3325.006348 16596
3341.672852 16606
3358.339844 16533
3375.006348 16830
3391.673340 16896
3408.339844 16880
3425.006348 16470
3441.673340 16927
3458.339844 16824
3475.006836 16937
3491.673340 17019
3508.339844 16927
3525.006836 17141
3541.673340 17239
3558.340332 16843
3575.006836 17397
3591.673340 17329
3608.340332 17197
3625.006836 17380
3641.673828 17355
3658.340332 17438
3675.006836 17440
3691.673828 17552
3708.340332 17461
3725.007080 17393
3741.673828 17554
3758.340332 17741
3775.007324 17669
3791.673828 17872
3808.340576 17803
3825.007324 18025
3841.673828 17969
3858.340820 17782
3875.007324 18088
3891.674072 18079
3908.340820 18164
3925.007324 18234
3941.674316 18269
3958.340820 18371
3975.007568 18383
3991.674316 18460
4008.340820 18191
4025.007812 18544
4041.674316 18654
4058.341064 18592
4075.007812 18783
4091.674316 18823
4108.340820 18600
4125.007812 18965
4141.674805 18612
4158.341309 18702
4175.007812 18780
4191.674805 18617
4208.341309 18357
4225.007812 18520
4241.674805 18522
4258.341797 18108
4275.007812 18325
4291.674805 18290
4308.341797 17921
4325.008301 18021
4341.674805 17997
4358.341797 17914
4375.008301 18137
4391.674805 17905
4408.341797 17544
4425.008789 17776
4441.674805 17617
4458.341797 17605
4475.008789 17783
4491.675293 18099
4508.341797 17794
4525.008789 17934
4541.675293 18010
4558.341797 18161
4575.008789 18327
4591.675781 18230
4608.341797 18568
4625.008789 18565
4641.675781 18996
4658.342285 19074
4675.008789 19277
4691.675781 19486
4708.342285 19716
4725.008789 19800
4741.675781 20010
4758.342773 20457
4775.008789 20829
4791.675781 20903
4808.342773 21351
4825.009277 21823
4841.675781 21993
4858.342773 22125
4875.009277 22878
4891.675781 23011
4908.342773 23325
4925.009766 23820
4941.675781 24416
4958.342773 24387
4975.009766 24783
4991.676270 25065
5008.342773 25536
5025.009766 26014
5041.676270 26352
5058.342773 26424
5075.009766 27117
5091.676758 27391
5108.342773 27428
5125.009766 27816
5141.676758 28231
5158.343262 28614
5175.009766 28890
5191.676758 29456
5208.343262 29674
5225.009766 30008
5241.676758 30534
5258.343750 30356
5275.009766 31379
5291.676758 31504
5308.343750 31846
5325.010254 32238
5341.676758 32396
5358.343750 32676
5375.010254 33371
5391.676758 33713
5408.343750 33601
5425.010254 34684
5441.676758 34692
5458.343750 34684
5475.010742 35488
5491.676758 36031
5508.343750 35790
5525.010742 36337
5541.677246 36873
5558.343750 36820
5575.010742 37519
5591.677246 37806
5608.343750 37601
5625.010742 38100
5641.677734 38725
5658.343750 38865
5675.010742 39168
5691.677734 39411
5708.344238 39690
5725.010742 39994
5741.677734 40242
5758.344238 40260
5775.010742 40766
5791.677734 41002
5808.344727 41124
5825.010742 41669
5841.677734 41908
5858.344727 41762
5875.011230 42475
5891.677734 42532
5908.344727 42805
5925.011230 42987
5941.677734 43454
5958.344727 43382
5975.011719 43446
5991.677734 43707
6008.344727 43962
6025.011719 44433
6041.678223 44398
6058.344727 44113
6075.011719 44848
6091.678223 45204
6108.344727 45031
6125.011719 45275
6141.678711 45430
6158.344727 45465
6175.011719 45843
6191.678711 45650
6208.345215 45295
6225.011719 46028
6241.678711 46232
6258.345215 46292
6275.011719 46866
6291.678711 46866
6308.345703 46681
6325.011719 47202
6341.678711 47324
6358.345703 47282
6375.012207 47266
6391.678711 47688
6408.345703 47111
6425.012207 47607
6441.678711 47909
6458.345703 47422
6475.012695 48065
6491.678711 47939
6508.345703 47675
6525.012695 48186
6541.679199 48120
6558.345703 47755
6575.012695 48362
6591.679199 48402
6608.345703 48171
6625.012695 48608
6641.679688 48787
6658.345703 48304
6675.012695 48615
6691.679688 48426
6708.346191 48393
6725.012695 48572
6741.679688 48711
6758.346191 48240
6775.012695 48589
6791.679688 48695
6808.346680 48391
6825.012695 48620
6841.679688 48545
6858.346680 48016
6875.013184 48766
6891.679688 48622
6908.346680 48384
6925.013184 48868
6941.679688 48551
6958.346680 48343
6975.013672 48609
6991.679688 48860
7008.346680 48227
7025.013672 48567
7041.680176 48769
7058.346680 48633
7075.013672 48705
7091.680176 48810
7108.346680 48462
7125.013672 48825
7141.680664 48646
7158.346680 48410
7175.013672 48641
7191.680664 48715
7208.347168 48447
7225.013672 48834
7241.680664 48672
7258.347168 48656
7275.013672 49008
7291.680664 48895
7308.347656 48243
7325.013672 49031
7341.680664 49347
7358.347656 48606
7375.014160 49069
7391.680664 48836
7408.347656 48466
7425.014160 48994
7441.680664 48851
7458.347656 48966
7475.014160 49016
7491.680664 49158
7508.347656 48452
7525.014648 49040
7541.680664 48986
7558.347656 48920
7575.014648 48823
7591.681152 48727
7608.347656 48753
7625.014648 48952
7641.681152 49031
7658.347656 48563
7675.014648 49007
7691.681641 48809
7708.347656 48734
7725.014648 48893
7741.681641 48878
7758.348145 48771
7775.014648 48759
7791.681641 49006
7808.348145 48523
7825.014648 48846
7841.681641 48830
7858.348633 48473
7875.014648 48902
7891.681641 48772
7908.348633 48468
7925.015137 48610
7941.681641 48766
7958.348633 48441
7975.015137 48784
7991.681641 48728
8008.348633 48365
8025.015625 48676
8041.681641 48597
8058.348633 48054
8075.015625 48355
8091.682129 48134
8108.348633 47760
8125.015625 48425
8141.682129 47933
8158.348633 47491
8175.015625 47698
8191.682617 47882
8208.349609 47155
8225.015625 46787
8241.681641 46843
8258.349609 45910
8275.015625 45526
8291.682617 45221
8308.349609 43962
8325.015625 43795
8341.682617 43168
8358.349609 41960
8375.015625 42005
8391.682617 41065
8408.349609 40405
8425.015625 39641
8441.683594 38952
8458.349609 37816
8475.015625 37519
8491.683594 36850
8508.349609 35833
8525.015625 34884
8541.683594 33985
8558.349609 32769
8575.015625 32161
8591.683594 30871
8608.349609 30101
8625.015625 28586
8641.683594 27565
8658.349609 25828
8675.016602 24942
8691.683594 23573
8708.349609 22106
8725.016602 20796
8741.683594 18985
8758.349609 17047
8775.016602 15394
8791.683594 14114
8808.349609 12437
8825.017578 10855
8841.683594 9104
8858.349609 7342
8875.017578 5941
8891.683594 4977
8908.349609 4242
8925.017578 4138
8941.683594 3897
8958.349609 3886
8975.017578 4021
8991.683594 3994
9008.350586 4011
9025.017578 4124
9041.683594 4057
9058.350586 4109
9075.017578 4172
9091.683594 4162
9108.350586 4130
9125.017578 4113
9141.683594 4162
9158.351562 4263
9175.017578 4195
9191.683594 4253
9208.351562 4166
9225.017578 4242
9241.683594 4281
9258.351562 4245
9275.017578 4260
9291.683594 4160
9308.351562 4207
9325.017578 4270
9341.684570 4339
9358.351562 4136
9375.017578 4185
9391.684570 4317
9408.351562 4207
9425.017578 4181
9441.684570 4179
9458.351562 4209
9475.017578 4290
9491.685547 4336
9508.351562 4178
9525.017578 4260
9541.685547 4353
9558.351562 4144
9575.017578 4274
9591.685547 4330
9608.351562 4335
9625.017578 4232
9641.685547 4278
9658.351562 4334
9675.018555 4400
9691.685547 4418
9708.351562 4328
9725.018555 4335
9741.685547 4463
9758.351562 4381
9775.018555 4379
9791.685547 4578
9808.351562 4536
9825.019531 4523
9841.685547 4535
9858.351562 4502
9875.019531 4747
9891.685547 4670
9908.351562 4707
9925.019531 4789
9941.685547 4761
9958.351562 4971
9975.019531 4992
9991.685547 4919
10008.352539 5042
10025.019531 5135
10041.685547 5321
10058.352539 5437
10075.019531 5609
10091.685547 5624
10108.352539 5656
10125.019531 5791
10141.685547 6137
10158.353516 6208
10175.019531 6558
10191.685547 6840
10208.353516 6877
10225.019531 7378
10241.685547 7708
10258.353516 7986
10275.019531 8507
10291.685547 8971
10308.353516 9431
10325.019531 10181
10341.686523 10927
10358.353516 11383
10375.019531 12232
10391.686523 13225
10408.353516 13691
10425.019531 14517
10441.686523 15443
10458.353516 15846
10475.019531 16534
10491.687500 17340
10508.353516 17865
10525.019531 18584
10541.687500 19271
10558.353516 19727
10575.019531 20370
10591.687500 20962
10608.353516 21224
10625.019531 21896
10641.687500 22358
10658.353516 22552
10675.020508 23196
10691.687500 23442
10708.353516 23829
10725.020508 24349
10741.687500 24652
10758.353516 24721
10775.020508 25263
10791.687500 25792
10808.353516 26068
10825.020508 26316
10841.687500 26409
10858.353516 26649
10875.021484 26709
10891.687500 26922
10908.353516 27062
10925.021484 27508
10941.687500 27707
10958.353516 27180
10975.021484 27413
10991.687500 27071
11008.353516 27257
11025.021484 27108
11041.687500 27323
11058.354492 26920
11075.021484 27069
11091.687500 26894
11108.354492 26914
11125.021484 26903
11141.687500 27127
11158.354492 26686
11175.021484 26628
11191.687500 26806
11208.355469 26742
11225.021484 26816
11241.687500 26321
11258.355469 26252
11275.021484 26639
11291.687500 26694
11308.355469 26465
11325.021484 26598
11341.687500 26672
11358.355469 26603
11375.021484 26521
11391.688477 26467
11408.355469 26179
11425.021484 26151
11441.688477 26535
11458.355469 26229
11475.021484 26480
11491.688477 26220
11508.355469 26072
11525.021484 26166
11541.689453 26345
11558.355469 26219
11575.021484 26150
11591.689453 26476
11608.355469 25987
11625.021484 26196
11641.689453 25882
11658.355469 25997
11675.021484 25991
11691.689453 26015
11708.355469 25974
11725.022461 26137
11741.689453 25719
11758.355469 25816
11775.022461 26228
11791.689453 25947
11808.355469 25793
11825.022461 25872
11841.689453 25910
11858.355469 25700
11875.023438 25690
11891.689453 25830
11908.355469 25328
11925.023438 25694
11941.689453 25582
11958.355469 25205
11975.023438 25466
11991.689453 25527
12008.355469 25337
12025.023438 25305
12041.689453 25472
12058.356445 25396
12075.023438 25407
12091.689453 25530
12108.356445 25336
12125.023438 25581
12141.689453 25492
12158.356445 25265
12175.023438 25216
12191.689453 25191
12208.357422 25177
12225.023438 25103
12241.689453 25441
12258.357422 25236
12275.023438 25087
12291.689453 25176
12308.357422 24716
12325.023438 25220
12341.689453 24949
12358.357422 24956
12375.023438 25019
12391.690430 24734
12408.357422 24813
12425.023438 24942
12441.690430 24872
12458.357422 24661
12475.023438 24727
12491.690430 24937
12508.357422 24717
12525.023438 25060
12541.691406 24849
12558.357422 24511
12575.023438 24589
12591.691406 24586
12608.357422 24449
12625.023438 24760
12641.691406 24645
12658.357422 24449
12675.023438 24353
12691.691406 24789
12708.357422 24512
12725.024414 24702
12741.691406 24352
12758.357422 24337
12775.024414 24674
12791.691406 24332
12808.357422 24076
12825.024414 24243
12841.691406 24426
12858.357422 24140
12875.024414 23956
12891.691406 24175
12908.357422 23789
12925.025391 24277
12941.691406 24270
12958.357422 23879
12975.025391 24020
12991.691406 23933
13008.357422 23785
13025.025391 23929
13041.691406 24226
13058.357422 23885
13075.025391 23864
13091.691406 23836
13108.358398 23587
13125.025391 23787
13141.691406 23747
13158.358398 23600
13175.025391 23692
13191.691406 23629
13208.358398 23528
13225.025391 23696
13241.691406 23770
13258.359375 23352
13275.025391 23883
13291.691406 23720
13308.359375 23432
13325.025391 23550
13341.691406 23547
13358.359375 23391
13375.025391 23469
13391.691406 23355
13408.359375 23141
13425.025391 23541
13441.692383 23158
13458.359375 22971
13475.025391 23164
13491.692383 23088
13508.359375 23199
13525.025391 23235
13541.692383 23075
13558.359375 23029
13575.025391 23315
13591.693359 23021
13608.359375 22944
13625.025391 23158
13641.693359 23070
13658.359375 22834
13675.025391 22842
13691.693359 22998
13708.359375 22770
13725.025391 22985
13741.693359 23018
13758.359375 22828
13775.026367 23142
13791.693359 22662
13808.359375 22602
13825.026367 22980
13841.693359 22953
13858.359375 22720
13875.026367 22618
13891.693359 22698
13908.359375 22762
13925.027344 22663
13941.693359 22627
13958.359375 22692
13975.027344 22764
13991.693359 22493
14008.359375 22636
14025.027344 22614
14041.693359 22612
14058.359375 22140
14075.027344 22561
14091.693359 22510
14108.360352 22313
14125.027344 22405
14141.693359 22410
14158.360352 22295
14175.027344 22455
14191.693359 22605
14208.360352 22100
14225.027344 22296
14241.693359 22092
14258.361328 22019
14275.027344 22197
14291.693359 22323
14308.361328 22151
14325.027344 22035
14341.693359 22129
14358.361328 21924
14375.027344 22225
14391.693359 22031
14408.361328 22127
14425.027344 22276
14441.694336 22379
14458.361328 21774
14475.027344 22043
14491.694336 21788
14508.361328 21836
14525.027344 21810
14541.694336 22302
14558.361328 21969
14575.027344 21790
14591.695312 21982
14608.361328 21655
14625.027344 21872
14641.695312 21947
14658.361328 21813
14675.027344 21620
14691.695312 21683
14708.361328 21659
14725.027344 21514
14741.695312 21794
14758.361328 21611
14775.028320 21684
14791.695312 21715
14808.361328 21282
14825.028320 21476
14841.695312 21730
14858.361328 21280
14875.028320 21448
14891.695312 21538
14908.361328 21547
14925.028320 21658
14941.695312 21225
14958.361328 21247
14975.029297 21441
14991.695312 21422
15008.361328 21318
15025.029297 21396
15041.695312 21382
15058.361328 21155
15075.029297 21241
15091.695312 21271
15108.361328 21220
15125.029297 21406
15141.695312 21238
15158.362305 21065
15175.029297 21122
15191.695312 21020
15208.362305 21078
15225.029297 21065
15241.695312 20976
15258.362305 21042
15275.029297 21397
15291.695312 21068
15308.363281 21017
15325.029297 21126
15341.695312 21025
15358.363281 20889
15375.029297 21040
15391.695312 21055
15408.363281 20948
15425.029297 20946
15441.695312 20809
15458.363281 20799
15475.029297 20838
15491.696289 20945
15508.363281 20791
15525.029297 20840
15541.696289 21156
15558.363281 20777
15575.029297 20733
15591.696289 20818
15608.363281 20641
15625.029297 20566
15641.697266 20902
15658.363281 20610
15675.029297 20657
15691.697266 20688
15708.363281 20617
15725.029297 20802
15741.697266 20604
15758.363281 20506
15775.029297 20525
15791.697266 20513
15808.363281 20407
15825.030273 20274
15841.697266 20321
15858.363281 20437
15875.030273 20451
15891.697266 20399
15908.363281 20356
15925.030273 20429
15941.697266 20444
15958.363281 20163
15975.031250 20203
15991.697266 20395
16008.363281 20226
16025.031250 20224
16041.697266 20143
16058.363281 20097
16075.031250 20086
16091.697266 20179
16108.363281 20081
16125.031250 20028
16141.697266 20205
16158.364258 20172
16175.031250 19971
16191.697266 20099
16208.364258 19757
16225.031250 19577
16241.697266 20028
16258.364258 19973
16275.031250 19982
16291.697266 20045
16308.365234 19809
16325.031250 19749
16341.697266 19948
16358.365234 19697
16375.031250 19775
16391.697266 19778
16408.363281 19537
16425.031250 19771
16441.699219 19644
16458.363281 19561
16475.031250 19655
16491.699219 19680
16508.363281 19594
16525.031250 19553
16541.699219 19660
16558.365234 19523
16575.031250 19480
16591.699219 19475
16608.365234 19279
16625.031250 19500
16641.699219 19452
16658.365234 19327
