# chopper 1a, phase delay 1000
# Run: 176475
# Columns: tof_us intensity
8.333349 31733
25.000048 19274
41.666748 19068
58.333443 18935
75.000145 19464
91.666840 19438
108.333542 19307
125.000237 19600
141.666931 19501
158.333649 19243
175.000336 19554
191.667023 19459
208.333740 19477
225.000427 19506
241.667114 19663
258.333832 19392
275.000519 19644
291.667236 19861
308.333923 19554
325.000610 19668
341.667328 19494
358.334015 19449
375.000732 19291
391.667419 19488
408.334106 19252
425.000793 19542
441.667511 19364
458.334198 19472
475.000916 19332
491.667603 19534
508.334290 19403
525.000977 19155
541.667725 19145
558.334351 19247
575.001099 19284
591.667847 19417
608.334473 19202
625.001221 19213
641.667847 19213
658.334595 19398
675.001343 19221
691.667969 18956
708.334717 19008
725.001343 19087
741.668091 19099
758.334778 19170
775.001465 18969
791.668213 19100
808.334839 18883
825.001587 19142
841.668274 18958
858.334961 18957
875.001709 19361
891.668335 19043
908.335083 18837
925.001709 18993
941.668457 19204
958.335205 18903
975.001831 18889
991.668579 19012
1008.335205 18788
1025.001953 18854
1041.668701 18929
1058.335327 18583
1075.002075 18762
1091.668701 18595
1108.335449 18763
1125.002197 18588
1141.668823 18791
1158.335571 18726
1175.002197 18767
1191.668945 18774
1208.335693 18519
1225.002319 18559
1241.669067 18578
1258.335693 18511
1275.002441 18417
1291.669189 18674
1308.335815 18588
1325.002563 18455
1341.669189 18712
1358.335938 18388
1375.002686 18658
1391.669312 18288
1408.335938 18197
1425.002686 18269
1441.669434 18516
1458.336182 18245
1475.002808 18293
1491.669434 18324
1508.336182 18268
1525.002930 18277
1541.669678 18497
1558.336304 18212
1575.002930 18363
1591.669678 18123
1608.336426 18089
1625.003174 18183
1641.669800 18160
1658.336426 18040
1675.003174 18169
1691.669922 18101
1708.336670 17993
1725.003296 17753
1741.669922 17885
1758.336670 17978
1775.003418 17805
1791.670166 17850
1808.336792 17758
1825.003418 17690
1841.670166 17905
1858.336914 17945
1875.003540 17542
1891.670288 17451
1908.336914 17318
1925.003662 17416
1941.670410 17213
1958.337036 17362
1975.003784 17209
1991.670410 17452
2008.337158 17239
2025.003906 17088
2041.670532 17220
2058.337402 16896
2075.003906 17166
2091.670654 16980
2108.337402 16970
2125.003906 17177
2141.670898 16912
2158.337402 16937
2175.004150 17019
2191.670898 16546
2208.337402 16536
2225.004395 16733
2241.670898 16841
2258.337646 16408
2275.004395 16712
2291.670898 16707
2308.337891 16588
2325.004395 16579
2341.671143 16245
2358.337891 16451
2375.004395 16376
2391.671387 16478
2408.337891 16305
2425.004639 16355
2441.671387 16249
2458.337891 16110
2475.004883 16455
2491.671387 16476
2508.338135 16249
2525.004883 16419
2541.671387 16270
2558.338379 16204
2575.004883 16330
2591.671631 16172
2608.338379 16279
2625.004883 16248
2641.671875 16214
2658.338379 16107
2675.005127 16299
2691.671875 16274
2708.338379 16104
2725.005371 16139
2741.671875 16023
2758.338379 16184
2775.005371 16056
2791.671875 16202
2808.338867 16135
2825.005371 16242
2841.671875 16293
2858.338867 16022
2875.005371 16187
2891.672363 16213
2908.338867 16177
2925.005371 15946
2941.672363 16267
2958.338867 16266
2975.005859 16055
2991.672363 16300
3008.338867 15945
3025.005859 16350
3041.672363 16302
3058.339355 16134
3075.005859 16462
3091.672363 16155
3108.339355 16261
3125.005859 16239
3141.672852 16426
3158.339355 16547
3175.005859 16515
3191.672852 16513
3208.339355 16297
3225.006348 16554
3241.672852 16525
3258.339355 16562
3275.006348 16873
3291.672852 16641
3308.339844 16616
3325.006348 16696
3341.672852 16720
3358.339844 16554
3375.006348 16682
3391.673340 16834
3408.339844 16730
3425.006348 16897
3441.673340 16954
3458.339844 16799
3475.006836 16979
3491.673340 17119
3508.339844 17031
3525.006836 17267
3541.673340 17314
3558.340332 17141
3575.006836 17161
3591.673340 17589
3608.340332 17077
3625.006836 17391
3641.673828 17555
3658.340332 17467
3675.006836 17661
3691.673828 17610
3708.340332 17498
3725.007080 17911
3741.673828 17936
3758.340332 17906
3775.007324 18093
3791.673828 18185
3808.340576 18161
3825.007324 18365
3841.673828 18361
3858.340820 18441
3875.007324 18735
3891.674072 18320
3908.340820 18567
3925.007324 18925
3941.674316 18867
3958.340820 18910
3975.007568 19058
3991.674316 19067
4008.340820 19197
4025.007812 19454
4041.674316 19541
4058.341064 19668
4075.007812 20008
4091.674316 20177
4108.340820 20072
4125.007812 20303
4141.674805 20512
4158.341309 20800
4175.007812 20846
4191.674805 21239
4208.341309 21148
4225.007812 21470
4241.674805 21534
4258.341797 21588
4275.007812 22249
4291.674805 22153
4308.341797 22173
4325.008301 22855
4341.674805 22942
4358.341797 22981
4375.008301 23263
4391.674805 23458
4408.341797 23532
4425.008789 23953
4441.674805 24144
4458.341797 24120
4475.008789 24474
4491.675293 24375
4508.341797 24876
4525.008789 25112
4541.675293 25057
4558.341797 25340
4575.008789 25900
4591.675781 26052
4608.341797 25879
4625.008789 26390
4641.675781 26894
4658.342285 26959
4675.008789 27324
4691.675781 27546
4708.342285 27856
4725.008789 28038
4741.675781 28369
4758.342773 28387
4775.008789 28884
4791.675781 29095
4808.342773 29176
4825.009277 29599
4841.675781 29996
4858.342773 30040
4875.009277 30231
4891.675781 30692
4908.342773 30757
4925.009766 31472
4941.675781 31742
4958.342773 31870
4975.009766 31983
4991.676270 32061
5008.342773 32428
5025.009766 32566
5041.676270 33147
5058.342773 33291
5075.009766 33319
5091.676758 33775
5108.342773 33828
5125.009766 34232
5141.676758 34751
5158.343262 34709
5175.009766 35245
5191.676758 35412
5208.343262 35450
5225.009766 35924
5241.676758 36063
5258.343750 36033
5275.009766 36784
5291.676758 36986
5308.343750 36960
5325.010254 37734
5341.676758 38123
5358.343750 37783
5375.010254 38695
5391.676758 38589
5408.343750 38715
5425.010254 39419
5441.676758 39493
5458.343750 39777
5475.010742 40161
5491.676758 40370
5508.343750 40150
5525.010742 40911
5541.677246 40871
5558.343750 41268
5575.010742 41426
5591.677246 41746
5608.343750 42038
5625.010742 42409
5641.677734 42512
5658.343750 42566
5675.010742 42804
5691.677734 43081
5708.344238 43066
5725.010742 43751
5741.677734 43771
5758.344238 43775
5775.010742 44002
5791.677734 44395
5808.344727 44373
5825.010742 44469
5841.677734 45015
5858.344727 44480
5875.011230 45226
5891.677734 45278
5908.344727 45093
5925.011230 45422
5941.677734 45690
5958.344727 45279
5975.011719 46065
5991.677734 45955
6008.344727 45764
6025.011719 46162
6041.678223 46226
6058.344727 46271
6075.011719 46498
6091.678223 46733
6108.344727 46461
6125.011719 46797
6141.678711 46878
6158.344727 46707
6175.011719 47137
6191.678711 47149
6208.345215 46734
6225.011719 47347
6241.678711 47582
6258.345215 47331
6275.011719 47860
6291.678711 48027
6308.345703 47999
6325.011719 48312
6341.678711 48195
6358.345703 47959
6375.012207 48189
6391.678711 48305
6408.345703 48228
6425.012207 48787
6441.678711 48480
6458.345703 48311
6475.012695 48787
6491.678711 48883
6508.345703 48610
6525.012695 48971
6541.679199 48992
6558.345703 48951
6575.012695 49100
6591.679199 49247
6608.345703 49359
6625.012695 49413
6641.679688 49576
6658.345703 49049
6675.012695 49408
6691.679688 49583
6708.346191 49383
6725.012695 49338
6741.679688 49606
6758.346191 49513
6775.012695 49599
6791.679688 49570
6808.346680 49190
6825.012695 49756
6841.679688 49909
6858.346680 49594
6875.013184 49629
6891.679688 49685
6908.346680 49352
6925.013184 49473
6941.679688 49794
6958.346680 49277
6975.013672 49676
6991.679688 50033
7008.346680 49493
7025.013672 49780
7041.680176 49915
7058.346680 49550
7075.013672 49644
7091.680176 49707
7108.346680 49419
7125.013672 49924
7141.680664 49817
7158.346680 49759
7175.013672 49956
7191.680664 49824
7208.347168 49734
7225.013672 50109
7241.680664 50156
7258.347168 49571
7275.013672 50139
7291.680664 50296
7308.347656 49842
7325.013672 50231
7341.680664 50391
7358.347656 49961
7375.014160 50477
7391.680664 50030
7408.347656 49839
7425.014160 50257
7441.680664 50066
7458.347656 49730
7475.014160 50382
7491.680664 50272
7508.347656 49913
7525.014648 50203
7541.680664 50379
7558.347656 50142
7575.014648 50302
7591.681152 50305
7608.347656 49947
7625.014648 50094
7641.681152 50233
7658.347656 49956
7675.014648 49955
7691.681641 50052
7708.347656 49837
7725.014648 50118
7741.681641 49960
7758.348145 49823
7775.014648 50346
7791.681641 50265
7808.348145 49810
7825.014648 49996
7841.681641 50442
7858.348633 50125
7875.014648 50152
7891.681641 50159
7908.348633 49638
7925.015137 50442
7941.681641 50250
7958.348633 49861
7975.015137 50525
7991.681641 50215
8008.348633 50052
8025.015625 50430
8041.681641 50293
8058.348633 49972
8075.015625 50550
8091.682129 50505
8108.348633 49879
8125.015625 50611
8141.682129 50261
8158.348633 50257
8175.015625 50275
8191.682617 50346
8208.349609 50016
8225.015625 50590
8241.681641 50601
8258.349609 50232
8275.015625 50311
8291.682617 50303
8308.349609 50507
8325.015625 50784
8341.682617 50513
8358.349609 50253
8375.015625 50457
8391.682617 50292
8408.349609 50164
8425.015625 50356
8441.683594 50297
8458.349609 49945
8475.015625 50147
8491.683594 50134
8508.349609 49909
8525.015625 50196
8541.683594 50241
8558.349609 49589
8575.015625 50105
8591.683594 50057
8608.349609 49824
8625.015625 50256
8641.683594 50333
8658.349609 50055
8675.016602 49884
8691.683594 50014
8708.349609 49887
8725.016602 49748
8741.683594 50184
8758.349609 49873
8775.016602 50051
8791.683594 50180
8808.349609 49925
8825.017578 50146
8841.683594 50247
8858.349609 49615
8875.017578 50063
8891.683594 49999
8908.349609 49799
8925.017578 49756
8941.683594 50135
8958.349609 50097
8975.017578 49926
8991.683594 50063
9008.350586 49830
9025.017578 50302
9041.683594 50209
9058.350586 49916
9075.017578 50219
9091.683594 50064
9108.350586 49799
9125.017578 50428
9141.683594 50159
9158.351562 49746
9175.017578 50195
9191.683594 50221
9208.351562 50038
9225.017578 50370
9241.683594 50228
9258.351562 50069
9275.017578 50459
9291.683594 50415
9308.351562 49836
9325.017578 50544
9341.684570 50655
9358.351562 50010
9375.017578 50814
9391.684570 50295
9408.351562 50270
9425.017578 50596
9441.684570 50570
9458.351562 50183
9475.017578 50264
9491.685547 50386
9508.351562 49925
9525.017578 50589
9541.685547 50537
9558.351562 49958
9575.017578 50235
9591.685547 50502
9608.351562 49786
9625.017578 50041
9641.685547 50055
9658.351562 49258
9675.018555 49610
9691.685547 49722
9708.351562 49376
9725.018555 49274
9741.685547 49073
9758.351562 48694
9775.018555 48377
9791.685547 48182
9808.351562 47326
9825.019531 47314
9841.685547 46557
9858.351562 45544
9875.019531 44972
9891.685547 44580
9908.351562 43562
9925.019531 43471
9941.685547 42661
9958.351562 41654
9975.019531 41112
9991.685547 40672
10008.352539 39516
10025.019531 39002
10041.685547 37904
10058.352539 37297
10075.019531 36327
10091.685547 35590
10108.352539 34361
10125.019531 33365
10141.685547 32346
10158.353516 31176
10175.019531 29863
10191.685547 28583
10208.353516 27299
10225.019531 25962
10241.685547 24440
10258.353516 22965
10275.019531 21353
10291.685547 19599
10308.353516 18120
10325.019531 16556
10341.686523 14987
10358.353516 13525
10375.019531 11912
10391.686523 10367
10408.353516 8559
10425.019531 6898
10441.686523 5621
10458.353516 4594
10475.019531 4068
10491.687500 3932
10508.353516 3862
10525.019531 3870
10541.687500 3967
10558.353516 3896
10575.019531 4012
10591.687500 4023
10608.353516 3973
10625.019531 3988
10641.687500 4003
10658.353516 3938
10675.020508 4037
10691.687500 4100
10708.353516 4014
10725.020508 3902
10741.687500 3923
10758.353516 3958
10775.020508 3947
10791.687500 4085
10808.353516 3954
10825.020508 4077
10841.687500 3993
10858.353516 4032
10875.021484 4098
10891.687500 4069
10908.353516 4032
10925.021484 4028
10941.687500 3992
10958.353516 3985
10975.021484 4075
10991.687500 3981
11008.353516 3915
11025.021484 4166
11041.687500 4104
11058.354492 4134
11075.021484 4105
11091.687500 4003
11108.354492 3983
11125.021484 4099
11141.687500 4251
11158.354492 4021
11175.021484 4015
11191.687500 4093
11208.355469 4180
11225.021484 4062
11241.687500 4119
11258.355469 4112
11275.021484 3992
11291.687500 4112
11308.355469 4159
11325.021484 4133
11341.687500 4181
11358.355469 4185
11375.021484 4093
11391.688477 4164
11408.355469 4155
11425.021484 4290
11441.688477 4344
11458.355469 4298
11475.021484 4261
11491.688477 4334
11508.355469 4444
11525.021484 4308
11541.689453 4411
11558.355469 4435
11575.021484 4552
11591.689453 4556
11608.355469 4766
11625.021484 4730
11641.689453 4772
11658.355469 4780
11675.021484 4839
11691.689453 5119
11708.355469 5166
11725.022461 5330
11741.689453 5442
11758.355469 5521
11775.022461 5711
11791.689453 6048
11808.355469 6178
11825.022461 6447
11841.689453 6648
11858.355469 6768
11875.023438 7154
11891.689453 7595
11908.355469 7998
11925.023438 8593
11941.689453 9045
11958.355469 9449
11975.023438 10265
11991.689453 10822
12008.355469 11301
12025.023438 12146
12041.689453 12750
12058.356445 13382
12075.023438 14011
12091.689453 14547
12108.356445 15020
12125.023438 15687
12141.689453 16369
12158.356445 16800
12175.023438 17224
12191.689453 17809
12208.357422 18506
12225.023438 19045
12241.689453 19242
12258.357422 19888
12275.023438 20440
12291.689453 20828
12308.357422 21273
12325.023438 21887
12341.689453 21995
12358.357422 22481
12375.023438 22737
12391.690430 23433
12408.357422 23674
12425.023438 24072
12441.690430 24389
12458.357422 24322
12475.023438 24733
12491.690430 25110
12508.357422 25108
12525.023438 25193
12541.691406 25101
12558.357422 25268
12575.023438 25832
12591.691406 25419
12608.357422 25811
12625.023438 25577
12641.691406 25462
12658.357422 25527
12675.023438 25611
12691.691406 25542
12708.357422 25307
12725.024414 25683
12741.691406 25361
12758.357422 24946
12775.024414 25461
12791.691406 25215
12808.357422 25166
12825.024414 24939
12841.691406 25066
12858.357422 24704
12875.024414 25031
12891.691406 25137
12908.357422 24877
12925.025391 24870
12941.691406 25138
12958.357422 24723
12975.025391 24904
12991.691406 24894
13008.357422 24592
13025.025391 24876
13041.691406 24736
13058.357422 24750
13075.025391 24698
13091.691406 24786
13108.358398 24310
13125.025391 24560
13141.691406 24394
13158.358398 24409
13175.025391 24399
13191.691406 24368
13208.358398 24213
13225.025391 24555
13241.691406 24577
13258.359375 24314
13275.025391 24805
13291.691406 24570
13308.359375 24267
13325.025391 24383
13341.691406 24396
13358.359375 24135
13375.025391 24066
13391.691406 24217
13408.359375 24188
13425.025391 24284
13441.692383 24265
13458.359375 24249
13475.025391 24324
13491.692383 24258
13508.359375 23723
13525.025391 23999
13541.692383 24008
13558.359375 24135
13575.025391 24021
13591.693359 23996
13608.359375 23855
13625.025391 24196
13641.693359 23959
13658.359375 23698
13675.025391 23723
13691.693359 23828
13708.359375 23652
13725.025391 23933
13741.693359 23849
13758.359375 23433
13775.026367 24014
13791.693359 23935
13808.359375 23570
13825.026367 23702
13841.693359 23820
13858.359375 23622
13875.026367 23896
13891.693359 23598
13908.359375 23428
13925.027344 23412
13941.693359 23599
13958.359375 23349
13975.027344 23550
13991.693359 23527
14008.359375 23257
14025.027344 23299
14041.693359 23362
14058.359375 23238
14075.027344 23686
14091.693359 23139
14108.360352 23224
14125.027344 23565
14141.693359 23305
14158.360352 23147
14175.027344 23147
14191.693359 23336
14208.360352 23092
14225.027344 23156
14241.693359 23215
14258.361328 23049
14275.027344 22984
14291.693359 23185
14308.361328 22703
14325.027344 23096
14341.693359 23017
14358.361328 22853
14375.027344 23028
14391.693359 22864
14408.361328 22868
14425.027344 22994
14441.694336 22875
14458.361328 22810
14475.027344 22913
14491.694336 22817
14508.361328 22598
14525.027344 22715
14541.694336 22858
14558.361328 22494
14575.027344 22622
14591.695312 22532
14608.361328 22325
14625.027344 22577
14641.695312 22469
14658.361328 22546
14675.027344 22394
14691.695312 22545
14708.361328 22317
14725.027344 22452
14741.695312 22120
14758.361328 22245
14775.028320 22160
14791.695312 22220
14808.361328 22102
14825.028320 22337
14841.695312 22178
14858.361328 21875
14875.028320 22222
14891.695312 21920
14908.361328 21898
14925.028320 22113
14941.695312 22032
14958.361328 22117
14975.029297 22101
14991.695312 22038
15008.361328 22064
15025.029297 21908
15041.695312 21915
15058.361328 21637
15075.029297 22061
15091.695312 21929
15108.361328 21637
15125.029297 21609
15141.695312 21762
15158.362305 21645
15175.029297 21688
15191.695312 21849
15208.362305 21349
15225.029297 21853
15241.695312 21512
15258.362305 21401
15275.029297 21452
15291.695312 21428
15308.363281 21314
15325.029297 21498
15341.695312 21240
15358.363281 21534
15375.029297 21361
15391.695312 21610
15408.363281 21460
15425.029297 21224
15441.695312 21501
15458.363281 21245
15475.029297 21493
15491.696289 21120
15508.363281 21078
15525.029297 21376
15541.696289 21084
15558.363281 20989
15575.029297 21347
15591.696289 21171
15608.363281 21015
15625.029297 21266
15641.697266 21170
15658.363281 21000
15675.029297 21022
15691.697266 21486
15708.363281 20800
15725.029297 21030
15741.697266 21221
15758.363281 20697
15775.029297 20993
15791.697266 21012
15808.363281 20486
15825.030273 21093
15841.697266 20726
15858.363281 20660
15875.030273 20853
15891.697266 20930
15908.363281 20450
15925.030273 20933
15941.697266 20899
15958.363281 20585
15975.031250 20882
15991.697266 20672
16008.363281 20795
16025.031250 20894
16041.697266 20803
16058.363281 20442
16075.031250 20648
16091.697266 20561
16108.363281 20753
16125.031250 20590
16141.697266 20523
16158.364258 20415
16175.031250 20375
16191.697266 20582
16208.364258 20627
16225.031250 20232
16241.697266 20579
16258.364258 20251
16275.031250 20308
16291.697266 20399
16308.365234 20365
16325.031250 20243
16341.697266 20337
16358.365234 20068
16375.031250 20346
16391.697266 20294
16408.363281 20219
16425.031250 20360
16441.699219 20073
16458.363281 20273
16475.031250 20324
16491.699219 20282
16508.363281 19931
16525.031250 20144
16541.699219 19955
16558.365234 19826
16575.031250 19992
16591.699219 20050
16608.365234 19771
16625.031250 19989
16641.699219 19760
16658.365234 19795
