# chopper 1a 60hz total delay 1000 chopper 3a 60hz total delay 0
# Run: 176505
# Columns: tof_us intensity
8.333350 34857
25.000049 20351
41.666748 20259
58.333447 20571
75.000146 20734
91.666846 20804
108.333545 20846
125.000244 20971
141.666943 21151
158.333643 20908
175.000342 21220
191.667041 21225
208.333740 21435
225.000439 21370
241.667139 21779
258.333838 21639
275.000537 21586
291.667236 21822
308.333936 21768
325.000635 21957
341.667334 21765
358.334033 21940
375.000732 21890
391.667432 22173
408.334131 22078
425.000830 22246
441.667529 21766
458.334229 21867
475.000928 21861
491.667627 21901
508.334326 21857
525.001025 21789
541.667725 21924
558.334424 21795
575.001123 21719
591.667822 22094
608.334521 21538
625.001221 21938
641.667920 21967
658.334619 21627
675.001318 21501
691.668018 21869
708.334717 21575
725.001416 21667
741.668115 21701
758.334814 21491
775.001514 21780
791.668213 21603
808.334912 21339
825.001611 21398
841.668311 21609
858.335010 21169
875.001709 21355
891.668408 21486
908.335107 21228
925.001807 21020
941.668506 21554
958.335205 21199
975.001904 21187
991.668604 21329
1008.335303 21501
1025.002002 21116
1041.668701 21362
1058.335400 21137
1075.002100 21100
1091.668799 21046
1108.335498 21041
1125.002197 21135
1141.668896 20988
1158.335596 20994
1175.002295 21091
1191.668994 20942
1208.335693 21045
1225.002393 20954
1241.669092 20838
1258.335791 20927
1275.002490 21007
1291.669189 20851
1308.335889 20803
1325.002588 20728
1341.669287 20863
1358.335986 20497
1375.002686 20816
1391.669385 20940
1408.336084 20670
1425.002783 20594
1441.669482 20528
1458.336182 20651
1475.002881 20579
1491.669580 20665
1508.336279 20560
1525.002979 20821
1541.669678 20675
1558.336377 20162
1575.003076 20629
1591.669775 20366
1608.336475 20212
1625.003174 20527
1641.669873 20430
1658.336572 20282
1675.003271 20185
1691.669971 20253
1708.336670 20244
1725.003369 20200
1741.670068 20314
1758.336768 20138
1775.003467 20070
1791.670166 20159
1808.336865 19885
1825.003564 20002
1841.670264 20050
1858.336963 19922
1875.003662 20051
1891.670361 20029
1908.337061 19393
1925.003760 19810
1941.670459 19676
1958.337158 19669
1975.003857 19538
1991.670557 19740
2008.337256 19246
2025.003955 19208
2041.670654 19370
2058.337354 18843
2075.004053 19235
2091.670752 19036
2108.337451 19013
2125.004150 18954
2141.670850 18882
2158.337549 18739
2175.004248 18906
2191.670947 19079
2208.337646 18779
2225.004346 18895
2241.671045 18942
2258.337744 18458
2275.004443 18944
2291.671143 18699
2308.337842 18762
2325.004541 18671
2341.671240 18319
2358.337939 18425
2375.004639 18536
2391.671338 18432
2408.338037 18388
2425.004736 18359
2441.671436 18245
2458.338135 18314
2475.004834 18413
2491.671533 18528
2508.338232 18327
2525.004932 18321
2541.671631 18285
2558.338330 18011
2575.005029 18183
2591.671729 18470
2608.338428 18267
2625.005127 18053
2641.671826 18396
2658.338525 18190
2675.005225 18332
2691.671924 18346
2708.338623 18332
2725.005322 18339
2741.672021 18232
2758.338721 18106
2775.005420 18437
2791.672119 18203
2808.338818 18151
2825.005518 18124
2841.672217 18396
2858.338916 18243
2875.005615 18076
2891.672314 18347
2908.339014 18246
2925.005713 18495
2941.672412 18494
2958.339111 17996
2975.005811 18183
2991.672510 18271
3008.339209 18363
3025.005908 18281
3041.672607 18311
3058.339307 18415
3075.006006 18535
3091.672705 18364
3108.339404 18270
3125.006104 18634
3141.672803 18471
3158.339502 18205
3175.006201 18694
3191.672900 18569
3208.339600 18814
3225.006299 18870
3241.672998 18767
3258.339697 18782
3275.006396 18657
3291.673096 18803
3308.339795 18812
3325.006494 19035
3341.673193 19083
3358.339893 19007
3375.006592 18892
3391.673291 19014
3408.339990 19002
3425.006689 19135
3441.673389 18814
3458.340088 19267
3475.006787 19232
3491.673486 19167
3508.340186 19326
3525.006885 19602
3541.673584 19679
3558.340283 19391
3575.006982 19341
3591.673682 19571
3608.340381 19448
3625.007080 19702
3641.673779 20051
3658.340479 19715
3675.007178 19822
3691.673877 19941
3708.340576 20039
3725.007275 20044
3741.673975 20458
3758.340674 20367
3775.007373 20513
3791.674072 20741
3808.340771 20349
3825.007471 20748
3841.674170 20762
3858.340869 20612
3875.007568 20874
3891.674268 21157
3908.340967 21142
3925.007666 21400
3941.674365 21504
3958.341064 21544
3975.007764 21748
3991.674463 21643
4008.341162 21787
4025.007861 22345
4041.674561 22125
4058.341260 22522
4075.007959 22558
4091.674658 22801
4108.341357 22638
4125.008057 22935
4141.674756 23116
4158.341455 23564
4175.008154 23812
4191.674854 23879
4208.341553 23929
4225.008252 24278
4241.674951 24544
4258.341650 24582
4275.008350 24923
4291.675049 25286
4308.341748 25352
4325.008447 25866
4341.675146 25703
4358.341846 25808
4375.008545 26223
4391.675244 26524
4408.341943 26607
4425.008643 27286
4441.675342 27218
4458.342041 27318
4475.008740 27637
4491.675439 28055
4508.342139 28204
4525.008838 28321
4541.675537 28706
4558.342236 28720
4575.008936 29258
4591.675635 29715
4608.342334 29520
4625.009033 29986
4641.675732 30559
4658.342432 30574
4675.009131 30857
4691.675830 31231
4708.342529 31403
4725.009229 31992
4741.675928 31921
4758.342627 32202
4775.009326 32693
4791.676025 33223
4808.342725 33316
4825.009424 33824
4841.676123 33836
4858.342822 34323
4875.009521 34739
4891.676221 34618
4908.342920 34927
4925.009619 35677
4941.676318 35625
4958.343018 35780
4975.009717 36209
4991.676416 36689
5008.343115 36925
5025.009814 37464
5041.676514 37413
5058.343213 37735
5075.009912 37943
5091.676611 38395
5108.343311 38422
5125.010010 39131
5141.676709 39229
5158.343408 39240
5175.010107 39708
5191.676807 40215
5208.343506 40252
5225.010205 40749
5241.676904 41524
5258.343604 41169
5275.010303 41880
5291.677002 42242
5308.343701 42412
5325.010400 42767
5341.677100 43028
5358.343799 43221
5375.010498 43565
5391.677197 44016
5408.343896 44222
5425.010596 44576
5441.677295 45107
5458.343994 44885
5475.010693 45591
5491.677393 45749
5508.344092 45722
5525.010791 46448
5541.677490 46739
5558.344189 46877
5575.010889 47131
5591.677588 47492
5608.344287 47636
5625.010986 48049
5641.677686 48134
5658.344385 48176
5675.011084 48408
5691.677783 49313
5708.344482 49120
5725.011182 49619
5741.677881 49731
5758.344580 49559
5775.011279 50300
5791.677979 50145
5808.344678 50099
5825.011377 50678
5841.678076 50650
5858.344775 50642
5875.011475 51194
5891.678174 51342
5908.344873 51268
5925.011572 51740
5941.678271 51932
5958.344971 51768
5975.011670 52065
5991.678369 52317
6008.345068 52023
6025.011768 52624
6041.678467 52838
6058.345166 52501
6075.011865 52755
6091.678564 52965
6108.345264 52507
6125.011963 53021
6141.678662 53025
6158.345361 53142
6175.012061 53534
6191.678760 53563
6208.345459 53103
6225.012158 54135
6241.678857 53994
6258.345557 53854
6275.012256 54433
6291.678955 54420
6308.345654 54270
6325.012354 54592
6341.679053 54672
6358.345752 54585
6375.012451 55081
6391.679150 55344
6408.345850 54979
6425.012549 55158
6441.679248 55377
6458.345947 55070
6475.012646 55569
6491.679346 55530
6508.346045 55601
6525.012744 55860
6541.679443 55513
6558.346143 55670
6575.012842 55819
6591.679541 56012
6608.346240 55645
6625.012939 55992
6641.679639 56081
6658.346338 55832
6675.013037 56272
6691.679736 56171
6708.346436 56121
6725.013135 55994
6741.679834 56203
6758.346533 56185
6775.013232 56535
6791.679932 56270
6808.346631 56626
6825.013330 56157
6841.680029 56522
6858.346729 56161
6875.013428 56568
6891.680127 56361
6908.346826 55940
6925.013525 56592
6941.680225 56660
6958.346924 56260
6975.013623 56805
6991.680322 56373
7008.347021 56294
7025.013721 56547
7041.680420 56751
7058.347119 56393
7075.013818 56830
7091.680518 56482
7108.347217 56379
7125.013916 56596
7141.680615 56594
7158.347314 56436
7175.014014 56591
7191.680713 56797
7208.347412 56583
7225.014111 56942
7241.680811 56592
7258.347510 56653
7275.014209 56544
7291.680908 56970
7308.347607 56428
7325.014307 57313
7341.681006 57079
7358.347705 56442
7375.014404 56032
7391.681104 54736
7408.347803 52141
7425.014502 50324
7441.681201 48572
7458.347900 46347
7475.014600 45251
7491.681299 43886
7508.347998 43001
7525.014697 42661
7541.681396 42069
7558.348096 41644
7575.014795 41394
7591.681494 41364
7608.348193 39989
7625.014893 39245
7641.681592 37249
7658.348291 34563
7675.014990 31785
7691.681689 27857
7708.348389 22976
7725.015088 17046
7741.681787 10303
7758.348486 4303
7775.015186 1390
7791.681885 917
7808.348584 1057
7825.015283 1038
7841.681982 1063
7858.348682 1121
7875.015381 1242
7891.682080 1253
7908.348779 1313
7925.015479 1367
7941.682178 1405
7958.348877 1501
7975.015576 1624
7991.682275 1697
8008.348975 1826
8025.015674 1880
8041.682373 1934
8058.349072 2106
8075.015771 2338
8091.682471 2395
8108.349170 2477
8125.015869 2524
8141.682568 2745
8158.349268 2769
8175.015967 2849
8191.682666 3054
8208.349365 3102
8225.016064 3192
8241.682764 3451
8258.349463 3377
8275.016162 3685
8291.682861 3694
8308.349561 3770
8325.016260 3872
8341.682959 4044
8358.349658 4187
8375.016357 4218
8391.683057 4288
8408.349756 4415
8425.016455 4529
8441.683154 4625
8458.349854 4606
8475.016553 4696
8491.683252 4827
8508.349951 4817
8525.016650 4841
8541.683350 4931
8558.350049 4907
8575.016748 4963
8591.683447 5117
8608.350146 5093
8625.016846 5137
8641.683545 5037
8658.350244 5137
8675.016943 5169
8691.683643 5057
8708.350342 5176
8725.017041 5252
8741.683740 5188
8758.350439 5086
8775.017139 5238
8791.683838 5075
8808.350537 5181
8825.017236 5171
8841.683936 5156
8858.350635 5104
8875.017334 5112
8891.684033 5082
8908.350732 5144
8925.017432 5059
8941.684131 5168
8958.350830 5112
8975.017529 5210
8991.684229 5086
9008.350928 5111
9025.017627 5163
9041.684326 5040
9058.351025 5015
9075.017725 5074
9091.684424 5098
9108.351123 4975
9125.017822 5039
9141.684521 5088
9158.351221 5002
9175.017920 5052
9191.684619 5001
9208.351318 5065
9225.018018 5124
9241.684717 5083
9258.351416 5002
9275.018115 5112
9291.684814 5041
9308.351514 4901
9325.018213 4929
9341.684912 5008
9358.351611 5020
9375.018311 5008
9391.685010 5124
9408.351709 4889
9425.018408 5012
9441.685107 4882
9458.351807 4904
9475.018506 5026
9491.685205 4857
9508.351904 4875
9525.018604 4938
9541.685303 4998
9558.352002 4886
9575.018701 4892
9591.685400 4913
9608.352100 4910
9625.018799 4892
9641.685498 5036
9658.352197 5052
9675.018896 4803
9691.685596 4842
9708.352295 4895
9725.018994 4911
9741.685693 4876
9758.352393 4823
9775.019092 4903
9791.685791 4927
9808.352490 4884
9825.019189 4824
9841.685889 4907
9858.352588 4938
9875.019287 5010
9891.685986 4840
9908.352686 4760
9925.019385 4825
9941.686084 4989
9958.352783 4757
9975.019482 4755
9991.686182 4777
10008.352881 4757
10025.019580 4926
10041.686279 4812
10058.352979 4763
10075.019678 4744
10091.686377 4917
10108.353076 4780
10125.019775 4782
10141.686475 4840
10158.353174 4774
10175.019873 4610
10191.686572 4717
10208.353271 4715
10225.019971 4730
10241.686670 4651
10258.353369 4613
10275.020068 4597
10291.686768 4521
10308.353467 4275
10325.020166 4141
10341.686865 4136
10358.353564 3759
10375.020264 3652
10391.686963 3536
10408.353662 3363
10425.020361 3204
10441.687061 3070
10458.353760 2778
10475.020459 2732
10491.687158 2593
10508.353857 2365
10525.020557 2260
10541.687256 2057
10558.353955 1835
10575.020654 1704
10591.687354 1544
10608.354053 1292
10625.020752 1107
10641.687451 981
10658.354150 931
10675.020850 833
10691.687549 739
10708.354248 713
10725.020947 692
10741.687646 736
10758.354346 676
10775.021045 681
10791.687744 737
10808.354443 669
10825.021143 660
10841.687842 702
10858.354541 674
10875.021240 716
10891.687939 707
10908.354639 693
10925.021338 717
10941.688037 681
10958.354736 692
10975.021436 651
10991.688135 692
11008.354834 698
11025.021533 670
11041.688232 663
11058.354932 649
11075.021631 715
11091.688330 674
11108.355029 673
11125.021729 644
11141.688428 689
11158.355127 656
11175.021826 690
11191.688525 668
11208.355225 660
11225.021924 645
11241.688623 651
11258.355322 643
11275.022021 674
11291.688721 651
11308.355420 640
11325.022119 669
11341.688818 636
11358.355518 682
11375.022217 645
11391.688916 624
11408.355615 668
11425.022314 627
11441.689014 651
11458.355713 651
11475.022412 639
11491.689111 612
11508.355811 645
11525.022510 643
11541.689209 648
11558.355908 637
11575.022607 635
11591.689307 587
11608.356006 640
11625.022705 657
11641.689404 633
11658.356104 596
11675.022803 668
11691.689502 630
11708.356201 621
11725.022900 634
11741.689600 626
11758.356299 639
11775.022998 638
11791.689697 617
11808.356396 626
11825.023096 631
11841.689795 621
11858.356494 662
11875.023193 624
11891.689893 610
11908.356592 590
11925.023291 592
11941.689990 649
11958.356689 645
11975.023389 606
11991.690088 632
12008.356787 617
12025.023486 633
12041.690186 652
12058.356885 589
12075.023584 645
12091.690283 611
12108.356982 621
12125.023682 606
12141.690381 656
12158.357080 626
12175.023779 640
12191.690479 624
12208.357178 567
12225.023877 575
12241.690576 567
12258.357275 527
12275.023975 480
12291.690674 488
12308.357373 436
12325.024072 493
12341.690771 407
12358.357471 401
12375.024170 360
12391.690869 334
12408.357568 345
12425.024268 263
12441.690967 242
12458.357666 243
12475.024365 208
12491.691064 211
12508.357764 155
12525.024463 133
12541.691162 109
12558.357861 84
12575.024561 83
12591.691260 65
12608.357959 56
12625.024658 41
12641.691357 33
12658.358057 36
12675.024756 30
12691.691455 40
12708.358154 31
12725.024854 32
12741.691553 34
12758.358252 37
12775.024951 47
12791.691650 39
12808.358350 49
12825.025049 23
12841.691748 43
12858.358447 44
12875.025146 53
12891.691846 40
12908.358545 42
12925.025244 53
12941.691943 54
12958.358643 65
12975.025342 51
12991.692041 56
13008.358740 73
13025.025439 52
13041.692139 69
13058.358838 60
13075.025537 60
13091.692236 57
13108.358936 60
13125.025635 59
13141.692334 59
13158.359033 61
13175.025732 64
13191.692432 51
13208.359131 74
13225.025830 80
13241.692529 74
13258.359229 75
13275.025928 67
13291.692627 88
13308.359326 63
13325.026025 70
13341.692725 51
13358.359424 74
13375.026123 57
13391.692822 71
13408.359521 83
13425.026221 86
13441.692920 71
13458.359619 68
13475.026318 80
13491.693018 79
13508.359717 82
13525.026416 64
13541.693115 66
13558.359814 68
13575.026514 78
13591.693213 71
13608.359912 56
13625.026611 81
13641.693311 76
13658.360010 87
13675.026709 73
13691.693408 77
13708.360107 87
13725.026807 66
13741.693506 74
13758.360205 77
13775.026904 68
13791.693604 79
13808.360303 77
13825.027002 87
13841.693701 67
13858.360400 82
13875.027100 69
13891.693799 69
13908.360498 51
13925.027197 75
13941.693896 72
13958.360596 73
13975.027295 91
13991.693994 82
14008.360693 88
14025.027393 66
14041.694092 73
14058.360791 80
14075.027490 80
14091.694189 64
14108.360889 71
14125.027588 87
14141.694287 75
14158.360986 82
14175.027686 62
14191.694385 62
14208.361084 72
14225.027783 80
14241.694482 74
14258.361182 75
14275.027881 74
14291.694580 74
14308.361279 83
14325.027979 81
14341.694678 78
14358.361377 63
14375.028076 82
14391.694775 76
14408.361475 88
14425.028174 79
14441.694873 71
14458.361572 94
14475.028271 62
14491.694971 69
14508.361670 84
14525.028369 76
14541.695068 81
14558.361768 83
14575.028467 68
14591.695166 65
14608.361865 79
14625.028564 77
14641.695264 103
14658.361963 92
14675.028662 113
14691.695361 235
14708.362061 636
14725.028760 1403
14741.695459 2560
14758.362158 3931
14775.028857 5308
14791.695557 6569
14808.362256 7851
14825.028955 8812
14841.695654 9913
14858.362354 10842
14875.029053 11697
14891.695752 12597
14908.362451 13429
14925.029150 14381
14941.695850 15284
14958.362549 15874
14975.029248 16929
14991.695947 17793
15008.362646 18588
15025.029346 19463
15041.696045 20610
15058.362744 21755
15075.029443 22247
15091.696143 23130
15108.362842 23660
15125.029541 23434
15141.696240 23751
15158.362939 23331
15175.029639 23421
15191.696338 23224
15208.363037 23176
15225.029736 23042
15241.696436 23302
15258.363135 23032
15275.029834 23074
15291.696533 22966
15308.363232 22895
15325.029932 22772
15341.696631 22927
15358.363330 22470
15375.030029 22910
15391.696729 22687
15408.363428 22543
15425.030127 22557
15441.696826 22766
15458.363525 22611
15475.030225 22727
15491.696924 22176
15508.363623 22396
15525.030322 22631
15541.697021 22756
15558.363721 22568
15575.030420 22684
15591.697119 22646
15608.363818 22378
15625.030518 22307
15641.697217 22748
15658.363916 22137
15675.030615 22317
15691.697314 22073
15708.364014 22207
15725.030713 22557
15741.697412 22142
15758.364111 21951
15775.030811 22404
15791.697510 22083
15808.364209 21855
15825.030908 22163
15841.697607 22055
15858.364307 21763
15875.031006 21877
15891.697705 22005
15908.364404 21882
15925.031104 22261
15941.697803 21796
15958.364502 21812
15975.031201 21899
15991.697900 21806
16008.364600 21856
16025.031299 21875
16041.697998 22002
16058.364697 21826
16075.031396 21779
16091.698096 21764
16108.364795 21780
16125.031494 21684
16141.698193 21648
16158.364893 21416
16175.031592 21484
16191.698291 21509
16208.364990 21427
16225.031689 21403
16241.698389 21516
16258.365088 21465
16275.031787 21615
16291.698486 21480
16308.365186 21183
16325.031885 21602
16341.698584 21502
16358.365283 21237
16375.031982 21383
16391.698682 21346
16408.365381 21175
16425.032080 21196
16441.698779 21185
16458.365479 21100
16475.032178 21216
16491.698877 21165
16508.365576 21092
16525.032275 21075
16541.698975 21172
16558.365674 21041
16575.032373 21240
16591.699072 20948
16608.365771 21109
16625.032471 21227
16641.699170 20936
16658.365869 20986
