# chopper 1a 60Hz total delay 1000 chopper 2a 60Hz total delay 7000
# Run: 176519
# Columns: tof_us intensity
8.333349 24950
25.000048 14192
41.666748 14317
58.333443 14295
75.000145 14210
91.666840 14383
108.333542 14176
125.000237 14297
141.666931 14176
158.333649 14130
175.000336 14202
191.667023 14195
208.333740 14174
225.000427 14112
241.667114 14235
258.333832 14083
275.000519 14096
291.667236 14198
308.333923 14076
325.000610 14084
341.667328 14222
358.334015 14172
375.000732 14247
391.667419 14079
408.334106 14103
425.000793 14147
441.667511 14127
458.334198 13759
475.000916 14183
491.667603 14041
508.334290 13761
525.000977 13932
541.667725 14094
558.334351 13998
575.001099 14081
591.667847 14027
608.334473 13984
625.001221 13883
641.667847 13950
658.334595 14072
675.001343 13911
691.667969 13917
708.334717 13978
725.001343 13777
741.668091 13895
758.334778 13683
775.001465 13815
791.668213 13862
808.334839 13524
825.001587 13592
841.668274 13714
858.334961 13599
875.001709 13760
891.668335 13656
908.335083 13783
925.001709 13620
941.668457 13647
958.335205 13447
975.001831 13550
991.668579 13627
1008.335205 13598
1025.001953 13754
1041.668701 13702
1058.335327 13477
1075.002075 13677
1091.668701 13662
1108.335449 13286
1125.002197 13538
1141.668823 13494
1158.335571 13438
1175.002197 13426
1191.668945 13423
1208.335693 13540
1225.002319 13275
1241.669067 13372
1258.335693 13281
1275.002441 13450
1291.669189 13387
1308.335815 13299
1325.002563 13316
1341.669189 13345
1358.335938 13258
1375.002686 13449
1391.669312 13293
1408.335938 13272
1425.002686 13129
1441.669434 13186
1458.336182 13074
1475.002808 13160
1491.669434 13360
1508.336182 13023
1525.002930 13028
1541.669678 13280
1558.336304 13151
1575.002930 13018
1591.669678 12923
1608.336426 13029
1625.003174 12885
1641.669800 12971
1658.336426 13034
1675.003174 12866
1691.669922 12926
1708.336670 13091
1725.003296 13171
1741.669922 12974
1758.336670 13069
1775.003418 13072
1791.670166 13125
1808.336792 12874
1825.003418 12944
1841.670166 13032
1858.336914 12936
1875.003540 12958
1891.670288 13055
1908.336914 12581
1925.003662 12908
1941.670410 12960
1958.337036 12792
1975.003784 12756
1991.670410 12747
2008.337158 12955
2025.003906 12620
2041.670532 12484
2058.337402 12670
2075.003906 12712
2091.670654 13015
2108.337402 12650
2125.003906 12607
2141.670898 12590
2158.337402 12436
2175.004150 12890
2191.670898 12604
2208.337402 12714
2225.004395 12427
2241.670898 12529
2258.337646 12595
2275.004395 12598
2291.670898 12585
2308.337891 12343
2325.004395 12551
2341.671143 12413
2358.337891 12530
2375.004395 12435
2391.671387 12485
2408.337891 12414
2425.004639 12434
2441.671387 12419
2458.337891 12276
2475.004883 12507
2491.671387 12454
2508.338135 12314
2525.004883 12188
2541.671387 12435
2558.338379 12115
2575.004883 12351
2591.671631 12254
2608.338379 12198
2625.004883 12039
2641.671875 12372
2658.338379 12220
2675.005127 12406
2691.671875 12223
2708.338379 12300
2725.005371 12142
2741.671875 12258
2758.338379 12041
2775.005371 12172
2791.671875 12097
2808.338867 11825
2825.005371 12065
2841.671875 12041
2858.338867 12046
2875.005371 11906
2891.672363 12208
2908.338867 12094
2925.005371 12095
2941.672363 12111
2958.338867 11901
2975.005859 12047
2991.672363 12150
3008.338867 12101
3025.005859 11893
3041.672363 12103
3058.339355 11998
3075.005859 11894
3091.672363 12008
3108.339355 11799
3125.005859 11884
3141.672852 11809
3158.339355 11779
3175.005859 12151
3191.672852 12162
3208.339355 11804
3225.006348 11930
3241.672852 11643
3258.339355 11869
3275.006348 11795
3291.672852 11690
3308.339844 11659
3325.006348 11933
3341.672852 11818
3358.339844 11688
3375.006348 12056
3391.673340 11785
3408.339844 11578
3425.006348 11813
3441.673340 11617
3458.339844 11786
3475.006836 11867
3491.673340 11675
3508.339844 11622
3525.006836 11554
3541.673340 11707
3558.340332 11760
3575.006836 11617
3591.673340 11416
3608.340332 11436
3625.006836 11536
3641.673828 11420
3658.340332 11508
3675.006836 11430
3691.673828 11616
3708.340332 11425
3725.007080 11567
3741.673828 11455
3758.340332 11319
3775.007324 11512
3791.673828 11459
3808.340576 11423
3825.007324 11584
3841.673828 11285
3858.340820 11288
3875.007324 11373
3891.674072 11083
3908.340820 11256
3925.007324 11293
3941.674316 11290
3958.340820 11175
3975.007568 11375
3991.674316 11205
4008.340820 11207
4025.007812 11285
4041.674316 11304
4058.341064 11177
4075.007812 11194
4091.674316 11246
4108.340820 11065
4125.007812 11305
4141.674805 11101
4158.341309 11148
4175.007812 11173
4191.674805 11012
4208.341309 11120
4225.007812 11207
4241.674805 11165
4258.341797 10873
4275.007812 11053
4291.674805 11047
4308.341797 10942
4325.008301 11277
4341.674805 11005
4358.341797 11103
4375.008301 10859
4391.674805 11109
4408.341797 10996
4425.008789 11091
4441.674805 11086
4458.341797 11048
4475.008789 11022
4491.675293 11074
4508.341797 10749
4525.008789 10908
4541.675293 10930
4558.341797 10765
4575.008789 10809
4591.675781 10806
4608.341797 10649
4625.008789 10729
4641.675781 10714
4658.342285 10650
4675.008789 10717
4691.675781 10601
4708.342285 10740
4725.008789 10769
4741.675781 10433
4758.342773 10486
4775.008789 10168
4791.675781 10275
4808.342773 9819
4825.009277 9600
4841.675781 9166
4858.342773 9001
4875.009277 8667
4891.675781 8376
4908.342773 7875
4925.009766 7530
4941.675781 7071
4958.342773 6720
4975.009766 6509
4991.676270 6012
5008.342773 5729
5025.009766 5366
5041.676270 4780
5058.342773 4463
5075.009766 4188
5091.676758 3809
5108.342773 3359
5125.009766 3044
5141.676758 2566
5158.343262 2242
5175.009766 1829
5191.676758 1467
5208.343262 1133
5225.009766 888
5241.676758 570
5258.343750 390
5275.009766 268
5291.676758 170
5308.343750 156
5325.010254 124
5341.676758 130
5358.343750 141
5375.010254 138
5391.676758 142
5408.343750 150
5425.010254 125
5441.676758 133
5458.343750 129
5475.010742 132
5491.676758 146
5508.343750 149
5525.010742 143
5541.677246 149
5558.343750 150
5575.010742 143
5591.677246 117
5608.343750 148
5625.010742 140
5641.677734 153
5658.343750 164
5675.010742 149
5691.677734 136
5708.344238 143
5725.010742 160
5741.677734 189
5758.344238 182
5775.010742 238
5791.677734 241
5808.344727 256
5825.010742 344
5841.677734 407
5858.344727 577
5875.011230 758
5891.677734 967
5908.344727 1400
5925.011230 2075
5941.677734 3251
5958.344727 5308
5975.011719 7643
5991.677734 9898
6008.344727 11831
6025.011719 14110
6041.678223 16101
6058.344727 17969
6075.011719 19913
6091.678223 21641
6108.344727 23006
6125.011719 24592
6141.678711 26332
6158.344727 27578
6175.011719 28993
6191.678711 30204
6208.345215 31066
6225.011719 32488
6241.678711 33633
6258.345215 34308
6275.011719 35321
6291.678711 36299
6308.345703 36826
6325.011719 37545
6341.678711 38313
6358.345703 38223
6375.012207 39101
6391.678711 39638
6408.345703 39533
6425.012207 39775
6441.678711 39636
6458.345703 39117
6475.012695 39419
6491.678711 39476
6508.345703 39090
6525.012695 39213
6541.679199 38974
6558.345703 38909
6575.012695 39166
6591.679199 38958
6608.345703 38834
6625.012695 39042
6641.679688 38937
6658.345703 38642
6675.012695 38887
6691.679688 38830
6708.346191 38901
6725.012695 38848
6741.679688 39053
6758.346191 38414
6775.012695 38751
6791.679688 39064
6808.346680 38644
6825.012695 38907
6841.679688 38885
6858.346680 38649
6875.013184 38672
6891.679688 38925
6908.346680 38423
6925.013184 38699
6941.679688 38809
6958.346680 38376
6975.013672 38680
6991.679688 38995
7008.346680 38590
7025.013672 38765
7041.680176 38942
7058.346680 38726
7075.013672 38702
7091.680176 38844
7108.346680 38539
7125.013672 38791
7141.680664 38937
7158.346680 38832
7175.013672 39127
7191.680664 38775
7208.347168 38630
7225.013672 38991
7241.680664 39094
7258.347168 38638
7275.013672 39202
7291.680664 39087
7308.347656 38905
7325.013672 39144
7341.680664 39359
7358.347656 38843
7375.014160 39209
7391.680664 38931
7408.347656 38858
7425.014160 39093
7441.680664 39153
7458.347656 38962
7475.014160 38952
7491.680664 39181
7508.347656 38956
7525.014648 39090
7541.680664 39029
7558.347656 38710
7575.014648 38872
7591.681152 39139
7608.347656 38915
7625.014648 38853
7641.681152 38923
7658.347656 38812
7675.014648 38964
7691.681641 39014
7708.347656 38618
7725.014648 38992
7741.681641 39198
7758.348145 38784
7775.014648 39129
7791.681641 39044
7808.348145 38720
7825.014648 39035
7841.681641 39164
7858.348633 38867
7875.014648 39083
7891.681641 38992
7908.348633 38846
7925.015137 39045
7941.681641 38934
7958.348633 38938
7975.015137 39347
7991.681641 38997
8008.348633 38799
8025.015625 39323
8041.681641 39255
8058.348633 39321
8075.015625 39289
8091.682129 39079
8108.348633 39040
8125.015625 39203
8141.682129 39350
8158.348633 38911
8175.015625 39293
8191.682617 39157
8208.349609 38939
8225.015625 39135
8241.681641 39255
8258.349609 38960
8275.015625 39114
8291.682617 39294
8308.349609 38910
8325.015625 39325
8341.682617 39440
8358.349609 39110
8375.015625 39281
8391.682617 39270
8408.349609 38960
8425.015625 39295
8441.683594 39198
8458.349609 38904
8475.015625 38972
8491.683594 38791
8508.349609 38609
8525.015625 38972
8541.683594 39020
8558.349609 38566
8575.015625 39073
8591.683594 39043
8608.349609 39015
8625.015625 39252
8641.683594 39088
8658.349609 38912
8675.016602 38980
8691.683594 38835
8708.349609 38775
8725.016602 39017
8741.683594 39064
8758.349609 38607
8775.016602 39143
8791.683594 39107
8808.349609 38802
8825.017578 38984
8841.683594 38937
8858.349609 38923
8875.017578 38901
8891.683594 39202
8908.349609 38560
8925.017578 38883
8941.683594 38982
8958.349609 38816
8975.017578 38907
8991.683594 38833
9008.350586 38958
9025.017578 39102
9041.683594 39191
9058.350586 38842
9075.017578 39141
9091.683594 39175
9108.350586 38977
9125.017578 39101
9141.683594 39083
9158.351562 38847
9175.017578 38966
9191.683594 39341
9208.351562 38740
9225.017578 39360
9241.683594 39240
9258.351562 38992
9275.017578 39233
9291.683594 39381
9308.351562 38951
9325.017578 39165
9341.684570 39124
9358.351562 38860
9375.017578 39315
9391.684570 39413
9408.351562 39051
9425.017578 39143
9441.684570 39266
9458.351562 38978
9475.017578 39179
9491.685547 39236
9508.351562 39137
9525.017578 38964
9541.685547 39079
9558.351562 38938
9575.017578 39073
9591.685547 38993
9608.351562 38599
9625.017578 38887
9641.685547 38799
9658.351562 38625
9675.018555 38781
9691.685547 38690
9708.351562 38397
9725.018555 38377
9741.685547 37765
9758.351562 37628
9775.018555 37623
9791.685547 37467
9808.351562 36737
9825.019531 36586
9841.685547 35916
9858.351562 35168
9875.019531 35041
9891.685547 34282
9908.351562 33649
9925.019531 33285
9941.685547 32797
9958.351562 32149
9975.019531 31810
9991.685547 31257
10008.352539 30364
10025.019531 30041
10041.685547 29239
10058.352539 28475
10075.019531 28248
10091.685547 27377
10108.352539 26096
10125.019531 25265
10141.685547 24619
10158.353516 23574
10175.019531 22812
10191.685547 21368
10208.353516 20369
10225.019531 19124
10241.685547 18297
10258.353516 16680
10275.019531 15605
10291.685547 14160
10308.353516 12639
10325.019531 11544
10341.686523 10250
10358.353516 8830
10375.019531 7625
10391.686523 6273
10408.353516 4855
10425.019531 3381
10441.686523 2166
10458.353516 1344
10475.019531 813
10491.687500 596
10508.353516 537
10525.019531 502
10541.687500 527
10558.353516 491
10575.019531 462
10591.687500 516
10608.353516 493
10625.019531 481
10641.687500 513
10658.353516 488
10675.020508 450
10691.687500 504
10708.353516 505
10725.020508 492
10741.687500 461
10758.353516 467
10775.020508 474
10791.687500 553
10808.353516 504
10825.020508 475
10841.687500 480
10858.353516 464
10875.021484 471
10891.687500 470
10908.353516 514
10925.021484 498
10941.687500 487
10958.353516 494
10975.021484 524
10991.687500 509
11008.353516 511
11025.021484 497
11041.687500 485
11058.354492 531
11075.021484 566
11091.687500 524
11108.354492 544
11125.021484 543
11141.687500 484
11158.354492 516
11175.021484 588
11191.687500 581
11208.355469 590
11225.021484 548
11241.687500 593
11258.355469 576
11275.021484 645
11291.687500 619
11308.355469 621
11325.021484 683
11341.687500 626
11358.355469 646
11375.021484 697
11391.688477 702
11408.355469 725
11425.021484 750
11441.688477 773
11458.355469 801
11475.021484 824
11491.688477 829
11508.355469 900
11525.021484 906
11541.689453 945
11558.355469 1082
11575.021484 1010
11591.689453 1107
11608.355469 1086
11625.021484 1196
11641.689453 1300
11658.355469 1301
11675.021484 1441
11691.689453 1432
11708.355469 1597
11725.022461 1668
11741.689453 1835
11758.355469 1835
11775.022461 2198
11791.689453 2249
11808.355469 2412
11825.022461 2570
11841.689453 2858
11858.355469 2980
11875.023438 3329
11891.689453 3679
11908.355469 3993
11925.023438 4161
11941.689453 4859
11958.355469 5366
11975.023438 5778
11991.689453 6346
12008.355469 6788
12025.023438 7439
12041.689453 7982
12058.356445 8342
12075.023438 9042
12091.689453 9535
12108.356445 10026
12125.023438 10482
12141.689453 11019
12158.356445 11367
12175.023438 12075
12191.689453 12347
12208.357422 12821
12225.023438 13214
12241.689453 13610
12258.357422 14225
12275.023438 14254
12291.689453 14820
12308.357422 15074
12325.023438 15459
12341.689453 15983
12358.357422 16080
12375.023438 16395
12391.690430 16822
12408.357422 17111
12425.023438 17476
12441.690430 17436
12458.357422 17745
12475.023438 18271
12491.690430 18377
12508.357422 18157
12525.023438 18410
12541.691406 18798
12558.357422 18702
12575.023438 18831
12591.691406 18984
12608.357422 18825
12625.023438 18910
12641.691406 18888
12658.357422 18318
12675.023438 18630
12691.691406 18745
12708.357422 18620
12725.024414 18561
12741.691406 18718
12758.357422 18681
12775.024414 18385
12791.691406 18503
12808.357422 18421
12825.024414 18393
12841.691406 18455
12858.357422 18271
12875.024414 18205
12891.691406 18410
12908.357422 18196
12925.025391 18075
12941.691406 18154
12958.357422 18289
12975.025391 18515
12991.691406 18262
13008.357422 18020
13025.025391 18091
13041.691406 18321
13058.357422 18095
13075.025391 18209
13091.691406 18202
13108.358398 17766
13125.025391 18026
13141.691406 17905
13158.358398 17895
13175.025391 17973
13191.691406 18074
13208.358398 17898
13225.025391 17857
13241.691406 17822
13258.359375 17897
13275.025391 17881
13291.691406 17781
13308.359375 17969
13325.025391 17918
13341.691406 17931
13358.359375 17775
13375.025391 17787
13391.691406 17872
13408.359375 17585
13425.025391 17616
13441.692383 17772
13458.359375 17489
13475.025391 17561
13491.692383 17911
13508.359375 17686
13525.025391 17766
13541.692383 17758
13558.359375 17464
13575.025391 17488
13591.693359 17588
13608.359375 17321
13625.025391 17728
13641.693359 17427
13658.359375 17476
13675.025391 17365
13691.693359 17600
13708.359375 17308
13725.025391 17421
13741.693359 17488
13758.359375 17446
13775.026367 17301
13791.693359 17483
13808.359375 17240
13825.026367 17439
13841.693359 17376
13858.359375 17045
13875.026367 17452
13891.693359 17225
13908.359375 17187
13925.027344 17212
13941.693359 16988
13958.359375 17005
13975.027344 17152
13991.693359 17032
14008.359375 17056
14025.027344 17104
14041.693359 17235
14058.359375 16937
14075.027344 16991
14091.693359 16979
14108.360352 16841
14125.027344 16970
14141.693359 17059
14158.360352 16907
14175.027344 16997
14191.693359 17025
14208.360352 16916
14225.027344 17030
14241.693359 16835
14258.361328 16573
14275.027344 16826
14291.693359 17025
14308.361328 16522
14325.027344 16786
14341.693359 16777
14358.361328 16679
14375.027344 16739
14391.693359 16632
14408.361328 16502
14425.027344 16994
14441.694336 16630
14458.361328 16735
14475.027344 16614
14491.694336 16746
14508.361328 16487
14525.027344 16721
14541.694336 16502
14558.361328 16522
14575.027344 16696
14591.695312 16656
14608.361328 16390
14625.027344 16541
14641.695312 16445
14658.361328 16475
14675.027344 16434
14691.695312 16378
14708.361328 16289
14725.027344 16265
14741.695312 16476
14758.361328 16005
14775.028320 16382
14791.695312 16266
14808.361328 16018
14825.028320 16336
14841.695312 16216
14858.361328 16249
14875.028320 16329
14891.695312 15845
14908.361328 15886
14925.028320 16136
14941.695312 16130
14958.361328 15996
14975.029297 16040
14991.695312 15886
15008.361328 15669
15025.029297 15935
15041.695312 15994
15058.361328 15811
15075.029297 15996
15091.695312 15689
15108.361328 15879
15125.029297 15903
15141.695312 15957
15158.362305 15630
15175.029297 15976
15191.695312 15538
15208.362305 15619
15225.029297 15739
15241.695312 15787
15258.362305 15959
15275.029297 15844
15291.695312 15730
15308.363281 15520
15325.029297 15534
15341.695312 15639
15358.363281 15492
15375.029297 15671
15391.695312 15699
15408.363281 15574
15425.029297 15679
15441.695312 15579
15458.363281 15420
15475.029297 15572
15491.696289 15549
15508.363281 15588
15525.029297 15302
15541.696289 15546
15558.363281 15302
15575.029297 15431
15591.696289 15456
15608.363281 15218
15625.029297 15439
15641.697266 15299
15658.363281 15339
15675.029297 15399
15691.697266 15278
15708.363281 15205
15725.029297 15302
15741.697266 15190
15758.363281 15180
15775.029297 15320
15791.697266 15278
15808.363281 15182
15825.030273 15238
15841.697266 15238
15858.363281 14921
15875.030273 15117
15891.697266 15133
15908.363281 15218
15925.030273 15018
15941.697266 15171
15958.363281 14975
15975.031250 15151
15991.697266 15194
16008.363281 14999
16025.031250 14947
16041.697266 14702
16058.363281 14766
16075.031250 15015
16091.697266 14882
16108.363281 14891
16125.031250 14975
16141.697266 14720
16158.364258 14813
16175.031250 14715
16191.697266 14884
16208.364258 14694
16225.031250 14961
16241.697266 14795
16258.364258 14574
16275.031250 14727
16291.697266 14639
16308.365234 14710
16325.031250 14633
16341.697266 14725
16358.365234 14603
16375.031250 14605
16391.697266 14819
16408.363281 14429
16425.031250 14587
16441.699219 14777
16458.363281 14445
16475.031250 14641
16491.699219 14705
16508.363281 14337
16525.031250 14588
16541.699219 14676
16558.365234 14427
16575.031250 14506
16591.699219 14521
16608.365234 14453
16625.031250 14539
16641.699219 14285
16658.365234 14394
