# chopper 1a 60Hz total delay 1000 chopper 2a 60Hz total delay 5000
# Run: 176517
# Columns: tof_us intensity
8.333349 25049
25.000048 14393
41.666748 14298
58.333443 14340
75.000145 14132
91.666840 14147
108.333542 14290
125.000237 14311
141.666931 14121
158.333649 14016
175.000336 14416
191.667023 14094
208.333740 14324
225.000427 14184
241.667114 14368
258.333832 14250
275.000519 14155
291.667236 14095
308.333923 14197
325.000610 14298
341.667328 14079
358.334015 14199
375.000732 14104
391.667419 14110
408.334106 13873
425.000793 13984
441.667511 14197
458.334198 14021
475.000916 14005
491.667603 14157
508.334290 14063
525.000977 14169
541.667725 14080
558.334351 13736
575.001099 13829
591.667847 13895
608.334473 13982
625.001221 13996
641.667847 14055
658.334595 13968
675.001343 13856
691.667969 13638
708.334717 13788
725.001343 13878
741.668091 13818
758.334778 13806
775.001465 13803
791.668213 13916
808.334839 13739
825.001587 13843
841.668274 13744
858.334961 13717
875.001709 13929
891.668335 13819
908.335083 13672
925.001709 13727
941.668457 13795
958.335205 13589
975.001831 13765
991.668579 13603
1008.335205 13561
1025.001953 13538
1041.668701 13460
1058.335327 13644
1075.002075 13603
1091.668701 13560
1108.335449 13669
1125.002197 13594
1141.668823 13641
1158.335571 13463
1175.002197 13736
1191.668945 13488
1208.335693 13658
1225.002319 13796
1241.669067 13761
1258.335693 13679
1275.002441 13699
1291.669189 13641
1308.335815 13784
1325.002563 13849
1341.669189 13823
1358.335938 13605
1375.002686 14112
1391.669312 13868
1408.335938 13912
1425.002686 13872
1441.669434 14024
1458.336182 14012
1475.002808 14060
1491.669434 14106
1508.336182 14026
1525.002930 14130
1541.669678 14052
1558.336304 13975
1575.002930 14103
1591.669678 14284
1608.336426 14040
1625.003174 13741
1641.669800 14122
1658.336426 14070
1675.003174 14036
1691.669922 14147
1708.336670 14016
1725.003296 14010
1741.669922 14012
1758.336670 13686
1775.003418 13957
1791.670166 13715
1808.336792 13944
1825.003418 13779
1841.670166 13826
1858.336914 13780
1875.003540 13749
1891.670288 13630
1908.336914 13590
1925.003662 13519
1941.670410 13618
1958.337036 13481
1975.003784 13503
1991.670410 13502
2008.337158 13317
2025.003906 13375
2041.670532 13255
2058.337402 13198
2075.003906 13243
2091.670654 13055
2108.337402 12837
2125.003906 12704
2141.670898 12848
2158.337402 12494
2175.004150 12490
2191.670898 12603
2208.337402 12217
2225.004395 12018
2241.670898 11707
2258.337646 11262
2275.004395 11003
2291.670898 10637
2308.337891 10073
2325.004395 9511
2341.671143 9252
2358.337891 8652
2375.004395 8219
2391.671387 7844
2408.337891 7294
2425.004639 6982
2441.671387 6513
2458.337891 5976
2475.004883 5644
2491.671387 5116
2508.338135 4648
2525.004883 4192
2541.671387 3720
2558.338379 3317
2575.004883 2866
2591.671631 2359
2608.338379 1930
2625.004883 1575
2641.671875 1135
2658.338379 776
2675.005127 498
2691.671875 313
2708.338379 208
2725.005371 156
2741.671875 159
2758.338379 134
2775.005371 155
2791.671875 145
2808.338867 145
2825.005371 151
2841.671875 158
2858.338867 139
2875.005371 164
2891.672363 157
2908.338867 154
2925.005371 141
2941.672363 156
2958.338867 167
2975.005859 163
2991.672363 144
3008.338867 156
3025.005859 174
3041.672363 162
3058.339355 150
3075.005859 167
3091.672363 164
3108.339355 155
3125.005859 156
3141.672852 136
3158.339355 162
3175.005859 165
3191.672852 130
3208.339355 138
3225.006348 152
3241.672852 131
3258.339355 153
3275.006348 139
3291.672852 168
3308.339844 138
3325.006348 148
3341.672852 146
3358.339844 163
3375.006348 183
3391.673340 237
3408.339844 291
3425.006348 371
3441.673340 455
3458.339844 541
3475.006836 626
3491.673340 678
3508.339844 796
3525.006836 842
3541.673340 983
3558.340332 1039
3575.006836 1150
3591.673340 1301
3608.340332 1385
3625.006836 1541
3641.673828 1775
3658.340332 1916
3675.006836 2206
3691.673828 2354
3708.340332 2483
3725.007080 2750
3741.673828 2943
3758.340332 3176
3775.007324 3370
3791.673828 3691
3808.340576 3902
3825.007324 4217
3841.673828 4413
3858.340820 4557
3875.007324 4616
3891.674072 4783
3908.340820 4735
3925.007324 5015
3941.674316 5036
3958.340820 5148
3975.007568 5544
3991.674316 5529
4008.340820 5671
4025.007812 5735
4041.674316 6026
4058.341064 6079
4075.007812 6179
4091.674316 6525
4108.340820 6533
4125.007812 6815
4141.674805 6998
4158.341309 7222
4175.007812 7416
4191.674805 7609
4208.341309 7713
4225.007812 8016
4241.674805 8231
4258.341797 8501
4275.007812 8777
4291.674805 8852
4308.341797 9026
4325.008301 9283
4341.674805 9449
4358.341797 9669
4375.008301 10007
4391.674805 10109
4408.341797 10338
4425.008789 10579
4441.674805 10779
4458.341797 10994
4475.008789 11220
4491.675293 11692
4508.341797 11731
4525.008789 12142
4541.675293 12410
4558.341797 12425
4575.008789 12894
4591.675781 13263
4608.341797 13336
4625.008789 14083
4641.675781 13887
4658.342285 14225
4675.008789 14709
4691.675781 14898
4708.342285 14983
4725.008789 15257
4741.675781 15669
4758.342773 15770
4775.008789 16427
4791.675781 16633
4808.342773 16669
4825.009277 17130
4841.675781 17605
4858.342773 17599
4875.009277 18023
4891.675781 18248
4908.342773 18869
4925.009766 18864
4941.675781 18987
4958.342773 19299
4975.009766 19748
4991.676270 20052
5008.342773 20334
5025.009766 20693
5041.676270 20692
5058.342773 20994
5075.009766 21575
5091.676758 21744
5108.342773 21750
5125.009766 22171
5141.676758 22539
5158.343262 22643
5175.009766 23156
5191.676758 23331
5208.343262 23377
5225.009766 24021
5241.676758 24218
5258.343750 24411
5275.009766 24685
5291.676758 25183
5308.343750 25286
5325.010254 25808
5341.676758 25580
5358.343750 25951
5375.010254 26833
5391.676758 26870
5408.343750 27242
5425.010254 27497
5441.676758 27551
5458.343750 27541
5475.010742 28174
5491.676758 28494
5508.343750 28532
5525.010742 29019
5541.677246 29398
5558.343750 29335
5575.010742 29895
5591.677246 30186
5608.343750 30051
5625.010742 30617
5641.677734 31031
5658.343750 30908
5675.010742 31298
5691.677734 31733
5708.344238 31443
5725.010742 32009
5741.677734 32085
5758.344238 32241
5775.010742 32890
5791.677734 33076
5808.344727 32940
5825.010742 33486
5841.677734 33332
5858.344727 33292
5875.011230 34005
5891.677734 34006
5908.344727 34060
5925.011230 34344
5941.677734 34707
5958.344727 34402
5975.011719 34696
5991.677734 35140
6008.344727 34944
6025.011719 35478
6041.678223 35759
6058.344727 35242
6075.011719 35731
6091.678223 36056
6108.344727 36223
6125.011719 36129
6141.678711 36231
6158.344727 36211
6175.011719 36212
6191.678711 36730
6208.345215 36530
6225.011719 37026
6241.678711 37155
6258.345215 36830
6275.011719 37494
6291.678711 37482
6308.345703 37153
6325.011719 37777
6341.678711 37914
6358.345703 37794
6375.012207 37937
6391.678711 38077
6408.345703 37859
6425.012207 38268
6441.678711 38203
6458.345703 38066
6475.012695 38070
6491.678711 38268
6508.345703 37938
6525.012695 38212
6541.679199 38251
6558.345703 38247
6575.012695 38384
6591.679199 38438
6608.345703 38286
6625.012695 38427
6641.679688 38731
6658.345703 38336
6675.012695 38639
6691.679688 38642
6708.346191 38218
6725.012695 38737
6741.679688 38332
6758.346191 38688
6775.012695 38888
6791.679688 38781
6808.346680 38469
6825.012695 38779
6841.679688 38923
6858.346680 38518
6875.013184 38715
6891.679688 38693
6908.346680 38446
6925.013184 38719
6941.679688 38702
6958.346680 38523
6975.013672 38827
6991.679688 38703
7008.346680 38719
7025.013672 39087
7041.680176 38824
7058.346680 38804
7075.013672 38862
7091.680176 38929
7108.346680 38604
7125.013672 38839
7141.680664 38856
7158.346680 38823
7175.013672 38849
7191.680664 38896
7208.347168 38749
7225.013672 38944
7241.680664 39149
7258.347168 38738
7275.013672 38636
7291.680664 39194
7308.347656 38741
7325.013672 39212
7341.680664 39324
7358.347656 39022
7375.014160 39325
7391.680664 38993
7408.347656 39047
7425.014160 39058
7441.680664 39159
7458.347656 38852
7475.014160 39295
7491.680664 39378
7508.347656 38957
7525.014648 39241
7541.680664 39193
7558.347656 39019
7575.014648 39010
7591.681152 39071
7608.347656 38908
7625.014648 39211
7641.681152 39045
7658.347656 38581
7675.014648 39270
7691.681641 39247
7708.347656 38879
7725.014648 39236
7741.681641 38906
7758.348145 38950
7775.014648 39083
7791.681641 39442
7808.348145 38735
7825.014648 39352
7841.681641 39239
7858.348633 39171
7875.014648 39146
7891.681641 39101
7908.348633 38868
7925.015137 39215
7941.681641 39209
7958.348633 38940
7975.015137 39264
7991.681641 39419
8008.348633 39159
8025.015625 39123
8041.681641 39156
8058.348633 39169
8075.015625 39271
8091.682129 39263
8108.348633 38654
8125.015625 39394
8141.682129 39139
8158.348633 38910
8175.015625 39268
8191.682617 39312
8208.349609 39073
8225.015625 38977
8241.681641 39314
8258.349609 39067
8275.015625 39343
8291.682617 39057
8308.349609 38766
8325.015625 39259
8341.682617 39169
8358.349609 39004
8375.015625 39237
8391.682617 39378
8408.349609 38747
8425.015625 38963
8441.683594 39020
8458.349609 38744
8475.015625 39052
8491.683594 38937
8508.349609 38607
8525.015625 38935
8541.683594 38576
8558.349609 38525
8575.015625 38897
8591.683594 39037
8608.349609 38641
8625.015625 39040
8641.683594 39249
8658.349609 38600
8675.016602 38779
8691.683594 38924
8708.349609 38526
8725.016602 38899
8741.683594 39041
8758.349609 38712
8775.016602 38989
8791.683594 39155
8808.349609 38652
8825.017578 39094
8841.683594 39234
8858.349609 38767
8875.017578 38904
8891.683594 39042
8908.349609 38624
8925.017578 38915
8941.683594 39027
8958.349609 38522
8975.017578 38998
8991.683594 38703
9008.350586 38883
9025.017578 39208
9041.683594 38928
9058.350586 39019
9075.017578 39223
9091.683594 39037
9108.350586 38869
9125.017578 39104
9141.683594 39017
9158.351562 38738
9175.017578 39130
9191.683594 39219
9208.351562 38999
9225.017578 39296
9241.683594 39070
9258.351562 39016
9275.017578 39108
9291.683594 39365
9308.351562 38727
9325.017578 39310
9341.684570 39205
9358.351562 38837
9375.017578 39275
9391.684570 39148
9408.351562 39186
9425.017578 39402
9441.684570 39124
9458.351562 39058
9475.017578 39249
9491.685547 39088
9508.351562 38790
9525.017578 39144
9541.685547 39083
9558.351562 38959
9575.017578 38910
9591.685547 39133
9608.351562 38878
9625.017578 38706
9641.685547 38723
9658.351562 38575
9675.018555 38820
9691.685547 38646
9708.351562 38079
9725.018555 38242
9741.685547 38234
9758.351562 37864
9775.018555 37944
9791.685547 37453
9808.351562 36900
9825.019531 36531
9841.685547 36486
9858.351562 35417
9875.019531 35387
9891.685547 34658
9908.351562 33734
9925.019531 33428
9941.685547 33046
9958.351562 32312
9975.019531 31830
9991.685547 31565
10008.352539 30633
10025.019531 30269
10041.685547 29474
10058.352539 28812
10075.019531 28277
10091.685547 27163
10108.352539 26243
10125.019531 25570
10141.685547 24725
10158.353516 23643
10175.019531 22814
10191.685547 21620
10208.353516 20298
10225.019531 19201
10241.685547 17918
10258.353516 16878
10275.019531 15665
10291.685547 14157
10308.353516 12772
10325.019531 11503
10341.686523 10031
10358.353516 8921
10375.019531 7553
10391.686523 6270
10408.353516 4764
10425.019531 3458
10441.686523 2225
10458.353516 1291
10475.019531 854
10491.687500 599
10508.353516 555
10525.019531 536
10541.687500 531
10558.353516 519
10575.019531 526
10591.687500 517
10608.353516 517
10625.019531 539
10641.687500 480
10658.353516 469
10675.020508 481
10691.687500 480
10708.353516 489
10725.020508 465
10741.687500 500
10758.353516 463
10775.020508 472
10791.687500 503
10808.353516 493
10825.020508 496
10841.687500 479
10858.353516 471
10875.021484 513
10891.687500 517
10908.353516 498
10925.021484 491
10941.687500 555
10958.353516 504
10975.021484 548
10991.687500 512
11008.353516 496
11025.021484 538
11041.687500 538
11058.354492 502
11075.021484 533
11091.687500 550
11108.354492 523
11125.021484 558
11141.687500 562
11158.354492 598
11175.021484 544
11191.687500 631
11208.355469 557
11225.021484 611
11241.687500 568
11258.355469 609
11275.021484 621
11291.687500 610
11308.355469 646
11325.021484 628
11341.687500 636
11358.355469 640
11375.021484 706
11391.688477 733
11408.355469 802
11425.021484 705
11441.688477 768
11458.355469 801
11475.021484 835
11491.688477 876
11508.355469 843
11525.021484 904
11541.689453 976
11558.355469 1008
11575.021484 1061
11591.689453 1101
11608.355469 1181
11625.021484 1174
11641.689453 1281
11658.355469 1312
11675.021484 1379
11691.689453 1538
11708.355469 1589
11725.022461 1685
11741.689453 1825
11758.355469 1941
11775.022461 2205
11791.689453 2135
11808.355469 2456
11825.022461 2647
11841.689453 2806
11858.355469 3046
11875.023438 3341
11891.689453 3621
11908.355469 3979
11925.023438 4369
11941.689453 4771
11958.355469 5313
11975.023438 5784
11991.689453 6427
12008.355469 6952
12025.023438 7346
12041.689453 8059
12058.356445 8487
12075.023438 9073
12091.689453 9450
12108.356445 9996
12125.023438 10437
12141.689453 10960
12158.356445 11153
12175.023438 11843
12191.689453 12411
12208.357422 12572
12225.023438 13336
12241.689453 13643
12258.357422 13901
12275.023438 14602
12291.689453 14778
12308.357422 15155
12325.023438 15493
12341.689453 15812
12358.357422 16406
12375.023438 16578
12391.690430 16807
12408.357422 17030
12425.023438 17499
12441.690430 17771
12458.357422 18019
12475.023438 18080
12491.690430 18318
12508.357422 18387
12525.023438 18512
12541.691406 18697
12558.357422 18791
12575.023438 18874
12591.691406 19035
12608.357422 18920
12625.023438 18843
12641.691406 18625
12658.357422 18693
12675.023438 18599
12691.691406 18843
12708.357422 18602
12725.024414 18608
12741.691406 18522
12758.357422 18374
12775.024414 18646
12791.691406 18815
12808.357422 18252
12825.024414 18503
12841.691406 18707
12858.357422 18221
12875.024414 18427
12891.691406 18441
12908.357422 18271
12925.025391 18518
12941.691406 18245
12958.357422 18171
12975.025391 18399
12991.691406 18296
13008.357422 18223
13025.025391 18387
13041.691406 18338
13058.357422 18201
13075.025391 18135
13091.691406 18265
13108.358398 17681
13125.025391 18013
13141.691406 18112
13158.358398 17968
13175.025391 17989
13191.691406 18254
13208.358398 17762
13225.025391 17931
13241.691406 17863
13258.359375 17821
13275.025391 17816
13291.691406 17847
13308.359375 17702
13325.025391 17854
13341.691406 17971
13358.359375 17862
13375.025391 17766
13391.691406 17997
13408.359375 17544
13425.025391 17897
13441.692383 17995
13458.359375 17524
13475.025391 17867
13491.692383 17761
13508.359375 17561
13525.025391 17623
13541.692383 17700
13558.359375 17645
13575.025391 17659
13591.693359 17399
13608.359375 17559
13625.025391 17514
13641.693359 17470
13658.359375 17413
13675.025391 17683
13691.693359 17356
13708.359375 17473
13725.025391 17603
13741.693359 17465
13758.359375 17229
13775.026367 17411
13791.693359 17390
13808.359375 17377
13825.026367 17494
13841.693359 17367
13858.359375 17301
13875.026367 17305
13891.693359 17348
13908.359375 16972
13925.027344 17254
13941.693359 17057
13958.359375 17090
13975.027344 17108
13991.693359 16990
14008.359375 16918
14025.027344 17236
14041.693359 17288
14058.359375 17031
14075.027344 17181
14091.693359 17145
14108.360352 16991
14125.027344 17228
14141.693359 16988
14158.360352 16735
14175.027344 17086
14191.693359 16835
14208.360352 16736
14225.027344 16994
14241.693359 16907
14258.361328 16846
14275.027344 16969
14291.693359 17002
14308.361328 16895
14325.027344 16813
14341.693359 16920
14358.361328 16786
14375.027344 16534
14391.693359 16756
14408.361328 16628
14425.027344 16761
14441.694336 16765
14458.361328 16662
14475.027344 16773
14491.694336 16701
14508.361328 16499
14525.027344 16509
14541.694336 16661
14558.361328 16451
14575.027344 16542
14591.695312 16484
14608.361328 16423
14625.027344 16444
14641.695312 16279
14658.361328 16276
14675.027344 16221
14691.695312 16403
14708.361328 16130
14725.027344 16305
14741.695312 16280
14758.361328 16136
14775.028320 16190
14791.695312 16182
14808.361328 16044
14825.028320 16273
14841.695312 16113
14858.361328 16135
14875.028320 16115
14891.695312 15980
14908.361328 16013
14925.028320 16116
14941.695312 16073
14958.361328 16090
14975.029297 15849
14991.695312 15980
15008.361328 15960
15025.029297 15921
15041.695312 16158
15058.361328 16008
15075.029297 16000
15091.695312 15766
15108.361328 15808
15125.029297 16029
15141.695312 15901
15158.362305 15789
15175.029297 16032
15191.695312 16023
15208.362305 15639
15225.029297 15501
15241.695312 15676
15258.362305 15606
15275.029297 15901
15291.695312 15647
15308.363281 15489
15325.029297 15492
15341.695312 15646
15358.363281 15494
15375.029297 15632
15391.695312 15707
15408.363281 15494
15425.029297 15581
15441.695312 15624
15458.363281 15406
15475.029297 15630
15491.696289 15458
15508.363281 15295
15525.029297 15560
15541.696289 15315
15558.363281 15194
15575.029297 15434
15591.696289 15545
15608.363281 15056
15625.029297 15289
15641.697266 15385
15658.363281 15116
15675.029297 15333
15691.697266 15443
15708.363281 15268
15725.029297 15038
15741.697266 15134
15758.363281 15148
15775.029297 15327
15791.697266 15210
15808.363281 15024
15825.030273 15257
15841.697266 15334
15858.363281 15057
15875.030273 15188
15891.697266 15302
15908.363281 14975
15925.030273 15160
15941.697266 15057
15958.363281 15120
15975.031250 15040
15991.697266 15112
16008.363281 14947
16025.031250 14853
16041.697266 15113
16058.363281 14894
16075.031250 15012
16091.697266 15029
16108.363281 14920
16125.031250 14900
16141.697266 14877
16158.364258 14653
16175.031250 14966
16191.697266 14798
16208.364258 14855
16225.031250 14832
16241.697266 14939
16258.364258 14750
16275.031250 14884
16291.697266 14853
16308.365234 14735
16325.031250 14890
16341.697266 14771
16358.365234 14700
16375.031250 14702
16391.697266 14617
16408.363281 14469
16425.031250 15009
16441.699219 14678
16458.363281 14444
16475.031250 14719
16491.699219 14634
16508.363281 14533
16525.031250 14567
16541.699219 14511
16558.365234 14548
16575.031250 14685
16591.699219 14542
16608.365234 14316
16625.031250 14657
16641.699219 14518
16658.365234 14433
