# chopper 1a 60hz total delay 1000 chopper 3a 60hz total delay 0
# Run: 176505
# Columns: tof_us intensity
16.658366 145
33.308398 70
49.958431 77
66.608463 35
83.258496 43
99.908528 42
116.558561 45
133.208594 31
149.858626 34
166.508659 24
183.158691 30
199.808724 22
216.458756 18
233.108789 35
249.758821 25
266.408854 19
283.058886 22
299.708919 17
316.358951 12
333.008984 13
349.659016 21
366.309049 14
382.959081 27
399.609114 12
416.259146 11
432.909179 24
449.559211 17
466.209244 15
482.859276 9
499.509309 21
516.159341 10
532.809374 7
549.459406 8
566.109439 9
582.759472 16
599.409504 5
616.059537 16
632.709569 10
649.359602 9
666.009634 10
682.659667 8
699.309699 5
715.959732 15
732.609764 8
749.259797 15
765.909829 14
782.559862 10
799.209894 9
815.859927 6
832.509959 9
849.159992 7
865.810024 7
882.460057 2
899.110089 9
915.760122 9
932.410154 9
949.060187 3
965.710219 10
982.360252 5
999.010285 6
1015.660317 5
1032.310350 10
1048.960382 3
1065.610415 7
1082.260447 3
1098.910480 4
1115.560512 9
1132.210545 7
1148.860577 5
1165.510610 5
1182.160642 9
1198.810675 3
1215.460707 5
1232.110740 8
1248.760772 2
1265.410805 6
1282.060837 12
1298.710870 9
1315.360902 5
1332.010935 12
1348.660967 4
1365.311000 7
1381.961032 4
1398.611065 8
1415.261098 6
1431.911130 3
1448.561163 9
1465.211195 7
1481.861228 3
1498.511260 4
1515.161293 10
1531.811325 7
1548.461358 3
1565.111390 10
1581.761423 8
1598.411455 4
1615.061488 9
1631.711520 6
1648.361553 7
1665.011585 15
1681.661618 10
1698.311650 9
1714.961683 4
1731.611715 10
1748.261748 10
1764.911780 8
1781.561813 11
1798.211845 6
1814.861878 10
1831.511910 9
1848.161943 13
1864.811976 13
1881.462008 7
1898.112041 16
1914.762073 20
1931.412106 18
1948.062138 17
1964.712171 11
1981.362203 17
1998.012236 19
2014.662268 20
2031.312301 18
2047.962333 16
2064.612366 19
2081.262398 28
2097.912431 24
2114.562463 20
2131.212496 16
2147.862528 19
2164.512561 18
2181.162593 18
2197.812626 14
2214.462658 20
2231.112691 15
2247.762723 17
2264.412756 15
2281.062789 13
2297.712821 18
2314.362854 13
2331.012886 8
2347.662919 9
2364.312951 5
2380.962984 7
2397.613016 6
2414.263049 2
2430.913081 3
2447.563114 3
2464.213146 4
2480.863179 8
2497.513211 4
2514.163244 11
2530.813276 2
2547.463309 4
2564.113341 7
2580.763374 4
2597.413406 4
2614.063439 4
2630.713471 5
2647.363504 6
2664.013536 5
2680.663569 8
2697.313602 4
2713.963634 7
2730.613667 3
2747.263699 11
2763.913732 7
2780.563764 8
2797.213797 8
2813.863829 8
2830.513862 10
2847.163894 8
2863.813927 8
2880.463959 12
2897.113992 14
2913.764024 9
2930.414057 10
2947.064089 9
2963.714122 6
2980.364154 32
2997.014187 8
3013.664219 13
3030.314252 7
3046.964284 16
3063.614317 14
3080.264349 13
3096.914382 12
3113.564415 17
3130.214447 8
3146.864480 14
3163.514512 14
3180.164545 17
3196.814577 15
3213.464610 9
3230.114642 15
3246.764675 21
3263.414707 15
3280.064740 22
3296.714772 11
3313.364805 13
3330.014837 18
3346.664870 16
3363.314902 22
3379.964935 24
3396.614967 27
3413.265000 27
3429.915032 30
3446.565065 22
3463.215097 33
3479.865130 30
3496.515162 22
3513.165195 27
3529.815227 27
3546.465260 28
3563.115293 25
3579.765325 33
3596.415358 32
3613.065390 40
3629.715423 39
3646.365455 37
3663.015488 36
3679.665520 40
3696.315553 38
3712.965585 48
3729.615618 39
3746.265650 44
3762.915683 47
3779.565715 46
3796.215748 58
3812.865780 45
3829.515813 53
3846.165845 59
3862.815878 53
3879.465910 61
3896.115943 66
3912.765975 66
3929.416008 70
3946.066040 68
3962.716073 62
3979.366106 63
3996.016138 71
4012.666171 51
4029.316203 64
4045.966236 74
4062.616268 87
4079.266301 82
4095.916333 79
4112.566366 74
4129.216398 93
4145.866431 82
4162.516463 81
4179.166496 85
4195.816528 81
4212.466561 82
4229.116593 87
4245.766626 115
4262.416658 111
4279.066691 108
4295.716723 103
4312.366756 104
4329.016788 99
4345.666821 115
4362.316853 105
4378.966886 114
4395.616919 107
4412.266951 139
4428.916984 116
4445.567016 138
4462.217049 121
4478.867081 143
4495.517114 147
4512.167146 139
4528.817179 131
4545.467211 149
4562.117244 150
4578.767276 137
4595.417309 153
4612.067341 166
4628.717374 149
4645.367406 184
4662.017439 165
4678.667471 157
4695.317504 168
4711.967536 178
4728.617569 177
4745.267601 158
4761.917634 152
4778.567666 175
4795.217699 169
4811.867731 171
4828.517764 195
4845.167797 183
4861.817829 184
4878.467862 209
4895.117894 185
4911.767927 190
4928.417959 219
4945.067992 215
4961.718024 217
4978.368057 237
4995.018089 210
5011.668122 223
5028.318154 225
5044.968187 207
5061.618219 228
5078.268252 230
5094.918284 231
5111.568317 264
5128.218349 236
5144.868382 242
5161.518414 275
5178.168447 240
5194.818479 283
5211.468512 264
5228.118544 277
5244.768577 281
5261.418610 253
5278.068642 303
5294.718675 302
5311.368707 304
5328.018740 314
5344.668772 299
5361.318805 269
5377.968837 280
5394.618870 313
5411.268902 323
5427.918935 302
5444.568967 297
5461.219000 320
5477.869032 324
5494.519065 367
5511.169097 323
5527.819130 338
5544.469162 377
5561.119195 376
5577.769227 356
5594.419260 374
5611.069292 395
5627.719325 390
5644.369357 422
5661.019390 384
5677.669423 425
5694.319455 420
5710.969488 432
5727.619520 480
5744.269553 470
5760.919585 466
5777.569618 451
5794.219650 423
5810.869683 437
5827.519715 502
5844.169748 479
5860.819780 472
5877.469813 497
5894.119845 487
5910.769878 441
5927.419910 506
5944.069943 473
5960.719975 500
5977.370008 523
5994.020040 503
6010.670073 501
6027.320105 501
6043.970138 527
6060.620170 558
6077.270203 576
6093.920235 528
6110.570268 560
6127.220301 595
6143.870333 555
6160.520366 574
6177.170398 542
6193.820431 591
6210.470463 638
6227.120496 607
6243.770528 621
6260.420561 630
6277.070593 656
6293.720626 632
6310.370658 650
6327.020691 649
6343.670723 656
6360.320756 666
6376.970788 720
6393.620821 699
6410.270853 724
6426.920886 734
6443.570918 686
6460.220951 737
6476.870983 785
6493.521016 791
6510.171048 748
6526.821081 797
6543.471114 711
6560.121146 773
6576.771179 812
6593.421211 760
6610.071244 790
6626.721276 860
6643.371309 841
6660.021341 840
6676.671374 843
6693.321406 869
6709.971439 807
6726.621471 859
6743.271504 916
6759.921536 923
6776.571569 960
6793.221601 972
6809.871634 1008
6826.521666 962
6843.171699 979
6859.821731 975
6876.471764 1022
6893.121796 986
6909.771829 1013
6926.421861 1035
6943.071894 1011
6959.721927 1045
6976.371959 1058
6993.021992 1054
7009.672024 1041
7026.322057 1041
7042.972089 1038
7059.622122 1061
7076.272154 1113
7092.922187 1125
7109.572219 1127
7126.222252 1115
7142.872284 1211
7159.522317 1114
7176.172349 1123
7192.822382 1126
7209.472414 1159
7226.122447 1126
7242.772479 1147
7259.422512 1128
7276.072544 1187
7292.722577 1143
7309.372609 1203
7326.022642 1159
7342.672674 1187
7359.322707 1256
7375.972740 1374
7392.622772 1360
7409.272805 1341
7425.922837 1389
7442.572870 1469
7459.222902 1480
7475.872935 1495
7492.522967 1468
7509.173000 1413
7525.823032 1510
7542.473065 1500
7559.123097 1609
7575.773130 1608
7592.423162 1760
7609.073195 1754
7625.723227 1745
7642.373260 1836
7659.023292 1833
7675.673325 1811
7692.323357 1909
7708.973390 1821
7725.623422 1922
7742.273455 1892
7758.923487 1930
7775.573520 1864
7792.223552 1959
7808.873585 1943
7825.523618 1998
7842.173650 2013
7858.823683 2098
7875.473715 2063
7892.123748 2115
7908.773780 2116
7925.423813 2110
7942.073845 2161
7958.723878 2172
7975.373910 2141
7992.023943 2238
8008.673975 2337
8025.324008 2227
8041.974040 2275
8058.624073 2359
8075.274105 2331
8091.924138 2352
8108.574170 2349
8125.224203 2381
8141.874235 2383
8158.524268 2309
8175.174300 2432
8191.824333 2415
8208.474365 2405
8225.124398 2608
8241.774431 2487
8258.424463 2517
8275.074496 2484
8291.724528 2550
8308.374561 2605
8325.024593 2600
8341.674626 2668
8358.324658 2687
8374.974691 2747
8391.624723 2790
8408.274756 2758
8424.924788 2643
8441.574821 2726
8458.224853 2816
8474.874886 2776
8491.524918 2847
8508.174951 2881
8524.824983 2830
8541.475016 2931
8558.125048 2930
8574.775081 2934
8591.425113 3027
8608.075146 3060
8624.725178 3012
8641.375211 3093
8658.025244 3001
8674.675276 3166
8691.325309 3065
8707.975341 3195
8724.625374 3213
8741.275406 3195
8757.925439 3108
8774.575471 3193
8791.225504 3358
8807.875536 3184
8824.525569 3226
8841.175601 3163
8857.825634 3227
8874.475666 3341
8891.125699 3381
8907.775731 3365
8924.425764 3328
8941.075796 3434
8957.725829 3452
8974.375861 3443
8991.025894 3499
9007.675926 3384
9024.325959 3548
9040.975991 3531
9057.626024 3561
9074.276056 3548
9090.926089 3640
9107.576122 3569
9124.226154 3602
9140.876187 3705
9157.526219 3510
9174.176252 3587
9190.826284 3693
9207.476317 3656
9224.126349 3766
9240.776382 3688
9257.426414 3732
9274.076447 3817
9290.726479 3701
9307.376512 3873
9324.026544 3941
9340.676577 3878
9357.326609 3913
9373.976642 3895
9390.626674 3904
9407.276707 3980
9423.926739 3976
9440.576772 3975
9457.226804 4122
9473.876837 4084
9490.526869 4127
9507.176902 4152
9523.826935 4166
9540.476967 4250
9557.127000 4305
9573.777032 4344
9590.427065 4417
9607.077097 4378
9623.727130 4469
9640.377162 4332
9657.027195 4501
9673.677227 4511
9690.327260 4512
9706.977292 4579
9723.627325 4506
9740.277357 4579
9756.927390 4654
9773.577422 4673
9790.227455 4553
9806.877487 4671
9823.527520 4772
9840.177552 4795
9856.827585 4637
9873.477617 4677
9890.127650 4725
9906.777682 4911
9923.427715 4938
9940.077748 5277
9956.727780 5706
9973.377813 5667
9990.027845 5716
10006.677878 6026
10023.327910 6155
10039.977943 6100
10056.627975 6370
10073.278008 6376
10089.928040 6451
10106.578073 6416
10123.228105 6483
10139.878138 6641
10156.528170 6602
10173.178203 6566
10189.828235 6614
10206.478268 6772
10223.128300 6701
10239.778333 6773
10256.428365 6911
10273.078398 6732
10289.728430 6854
10306.378463 7096
10323.028495 6960
10339.678528 7035
10356.328560 7119
10372.978593 6935
10389.628626 7080
10406.278658 7083
10422.928691 7101
10439.578723 7097
10456.228756 7205
10472.878788 7226
10489.528821 7250
10506.178853 7310
10522.828886 7258
10539.478918 7336
10556.128951 7104
10572.778983 7248
10589.429016 7364
10606.079048 7402
10622.729081 7399
10639.379113 7367
10656.029146 7362
10672.679178 7367
10689.329211 7425
10705.979243 7455
10722.629276 7533
10739.279308 7410
10755.929341 7256
10772.579373 7511
10789.229406 7391
10805.879439 7709
10822.529471 7407
10839.179504 7608
10855.829536 7525
10872.479569 7564
10889.129601 7422
10905.779634 7377
10922.429666 7518
10939.079699 7610
10955.729731 7429
10972.379764 7631
10989.029796 7459
11005.679829 7493
11022.329861 7257
11038.979894 7523
11055.629926 7314
11072.279959 7408
11088.929991 7407
11105.580024 7462
11122.230056 7371
11138.880089 7467
11155.530121 7576
11172.180154 7582
11188.830186 7352
11205.480219 7547
11222.130252 7487
11238.780284 7520
11255.430317 7618
11272.080349 7540
11288.730382 7403
11305.380414 7420
11322.030447 7466
11338.680479 7609
11355.330512 7402
11371.980544 7210
11388.630577 7498
11405.280609 7390
11421.930642 7259
11438.580674 7194
11455.230707 7185
11471.880739 7273
11488.530772 7227
11505.180804 7303
11521.830837 7094
11538.480869 6978
11555.130902 6952
11571.780934 7030
11588.430967 7022
11605.080999 6944
11621.731032 6915
11638.381065 7375
11655.031097 7679
11671.681130 7930
11688.331162 8080
11704.981195 8347
11721.631227 8312
11738.281260 8635
11754.931292 8523
11771.581325 8728
11788.231357 8932
11804.881390 8913
11821.531422 8919
11838.181455 9143
11854.831487 9039
11871.481520 9017
11888.131552 9086
11904.781585 9045
11921.431617 9088
11938.081650 9131
11954.731682 9007
11971.381715 9069
11988.031747 8942
12004.681780 8940
12021.331812 8927
12037.981845 8737
12054.631877 9224
12071.281910 9089
12087.931943 8756
12104.581975 8948
12121.232008 8979
12137.882040 8974
12154.532073 8764
12171.182105 8946
12187.832138 9022
12204.482170 8787
12221.132203 8607
12237.782235 8860
12254.432268 8889
12271.082300 8809
12287.732333 8762
12304.382365 8812
12321.032398 8594
12337.682430 8796
12354.332463 8431
12370.982495 8480
12387.632528 8542
12404.282560 8404
12420.932593 8271
12437.582625 8450
12454.232658 8186
12470.882690 8238
12487.532723 8310
12504.182756 8218
12520.832788 8176
12537.482821 7968
12554.132853 8035
12570.782886 8027
12587.432918 8086
12604.082951 8016
12620.732983 7813
12637.383016 7913
12654.033048 7834
12670.683081 7891
12687.333113 7684
12703.983146 7738
12720.633178 7650
12737.283211 7584
12753.933243 7478
12770.583276 7493
12787.233308 7327
12803.883341 7482
12820.533373 7298
12837.183406 7183
12853.833438 7270
12870.483471 7237
12887.133503 7167
12903.783536 7159
12920.433569 7032
12937.083601 6751
12953.733634 6870
12970.383666 6858
12987.033699 6559
13003.683731 6612
13020.333764 6576
13036.983796 6465
13053.633829 6375
13070.283861 6288
13086.933894 6224
13103.583926 6188
13120.233959 6080
13136.883991 5860
13153.534024 5683
13170.184056 5617
13186.834089 5547
13203.484121 5345
13220.134154 5085
13236.784186 4919
13253.434219 4521
13270.084251 4273
13286.734284 4083
13303.384316 3698
13320.034349 3502
13336.684381 3086
13353.334414 2852
13369.984447 2667
13386.634479 2458
13403.284512 2375
13419.934544 2021
13436.584577 1680
13453.234609 1574
13469.884642 1406
13486.534674 1243
13503.184707 1050
13519.834739 962
13536.484772 751
13553.134804 585
13569.784837 450
13586.434869 445
13603.084902 342
13619.734934 225
13636.384967 156
13653.034999 56
13669.685032 17
13686.335064 9
13702.985097 6
13719.635129 4
13736.285162 10
13752.935194 10
13769.585227 9
13786.235260 7
13802.885292 11
13819.535325 5
13836.185357 10
13852.835390 7
13869.485422 6
13886.135455 5
13902.785487 7
13919.435520 5
13936.085552 6
13952.735585 5
13969.385617 6
13986.035650 8
14002.685682 4
14019.335715 12
14035.985747 4
14052.635780 8
14069.285812 7
14085.935845 4
14102.585877 3
14119.235910 5
14135.885942 3
14152.535975 9
14169.186007 4
14185.836040 8
14202.486073 7
14219.136105 5
14235.786138 7
14252.436170 8
14269.086203 7
14285.736235 6
14302.386268 3
14319.036300 7
14335.686333 9
14352.336365 4
14368.986398 2
14385.636430 8
14402.286463 0
14418.936495 5
14435.586528 6
14452.236560 9
14468.886593 6
14485.536625 5
14502.186658 4
14518.836690 9
14535.486723 10
14552.136755 2
14568.786788 8
14585.436820 3
14602.086853 6
14618.736885 4
14635.386918 7
14652.036951 5
14668.686983 5
14685.337016 3
14701.987048 1
14718.637081 3
14735.287113 2
14751.937146 8
14768.587178 5
14785.237211 4
14801.887243 5
14818.537276 10
14835.187308 9
14851.837341 5
14868.487373 3
14885.137406 7
14901.787438 3
14918.437471 7
14935.087503 3
14951.737536 3
14968.387568 3
14985.037601 4
15001.687633 3
15018.337666 5
15034.987698 8
15051.637731 6
15068.287764 4
15084.937796 7
15101.587829 4
15118.237861 3
15134.887894 4
15151.537926 3
15168.187959 3
15184.837991 1
15201.488024 6
15218.138056 5
15234.788089 5
15251.438121 8
15268.088154 5
15284.738186 7
15301.388219 5
15318.038251 2
15334.688284 7
15351.338316 2
15367.988349 4
15384.638381 4
15401.288414 1
15417.938446 2
15434.588479 7
15451.238511 7
15467.888544 0
15484.538577 4
15501.188609 8
15517.838642 5
15534.488674 4
15551.138707 2
15567.788739 4
15584.438772 4
15601.088804 5
15617.738837 3
15634.388869 3
15651.038902 2
15667.688934 8
15684.338967 4
15700.988999 4
15717.639032 5
15734.289064 2
15750.939097 2
15767.589129 5
15784.239162 1
15800.889194 5
15817.539227 4
15834.189259 4
15850.839292 3
15867.489324 2
15884.139357 2
15900.789390 5
15917.439422 6
15934.089455 1
15950.739487 4
15967.389520 4
15984.039552 4
16000.689585 6
16017.339617 4
16033.989650 3
16050.639682 2
16067.289715 6
16083.939747 4
16100.589780 6
16117.239812 5
16133.889845 5
16150.539877 7
16167.189910 4
16183.839942 5
16200.489975 6
16217.140007 5
16233.790040 3
16250.440072 2
16267.090105 4
16283.740137 5
16300.390170 1
16317.040202 7
16333.690235 5
16350.340268 6
16366.990300 2
16383.640333 3
16400.290365 4
16416.940398 7
16433.590430 8
16450.240463 3
16466.890495 4
16483.540528 2
16500.190560 8
16516.840593 9
16533.490625 4
16550.140658 4
16566.790690 2
16583.440723 8
16600.090755 4
16616.740788 3
16633.390820 2
16650.040853 6
